18.45 18.97
18.45 18.97
18.45 18.97
18.54 18.97
18.45 18.97
18.45 18.97
18.45 18.97
18.45 18.97
18.45 18.97
18.45 18.88
18.37 18.97
18.45 18.97
18.54 18.97
18.54 18.97
18.45 18.97
18.45 18.97
18.45 18.97
18.45 18.97
18.54 18.97
18.45 18.97
18.45 18.97
18.45 18.97
18.45 18.97
18.45 18.97
18.45 18.97
18.37 18.88
18.37 18.97
18.28 18.97
18.20 18.97
18.02 18.97
18.02 18.97
17.85 18.88
17.85 18.97
17.68 18.97
17.59 18.97
17.42 18.97
17.34 19.06
17.16 18.97
16.99 19.06
16.99 19.06
16.90 19.06
16.82 19.06
16.73 19.06
16.65 19.23
16.56 19.14
16.39 19.14
16.30 19.14
16.22 19.06
16.13 19.23
16.04 19.14
15.96 19.23
15.87 19.23
15.78 19.23
15.70 19.23
15.61 19.23
15.52 19.32
15.44 19.32
15.35 19.32
15.26 19.32
15.18 19.32
15.09 19.32
14.92 19.40
14.92 19.40
14.83 19.40
14.75 19.49
14.75 19.40
14.57 19.49
14.48 19.49
14.40 19.40
14.31 19.49
14.22 19.57
14.31 19.57
14.14 19.57
14.05 19.57
13.96 19.57
13.88 19.57
13.79 19.66
13.70 19.66
13.62 19.66
13.53 19.66
13.44 19.66
13.35 19.75
13.27 19.75
13.27 19.75
13.18 19.75
13.09 19.83
13.00 19.83
12.92 19.83
12.92 19.83
12.74 19.83
12.74 19.83
12.57 19.83
12.57 19.83
12.48 19.92
12.48 19.92
12.39 19.92
12.48 20.00
12.13 20.00
12.04 20.00
12.04 20.00
11.95 20.09
11.95 20.09
11.86 20.09
11.77 20.09
11.69 20.09
11.69 20.18
11.60 20.18
11.51 20.18
11.42 20.18
11.33 20.18
11.24 20.26
11.24 20.26
11.16 20.26
11.07 20.26
11.07 20.26
10.98 20.35
10.89 20.35
10.89 20.35
10.80 20.35
10.71 20.35
10.62 20.43
10.53 20.43
10.53 20.43
10.44 20.43
10.53 20.43
10.36 20.52
10.36 20.52
10.18 20.52
10.18 20.52
10.09 20.52
10.09 20.61
10.00 20.61
10.18 20.61
9.91 20.61
9.82 20.61
9.82 20.69
9.64 20.69
9.73 20.61
9.64 20.69
9.55 20.78
9.55 20.78
9.46 20.78
9.37 20.78
9.28 20.87
9.28 20.87
9.19 20.87
9.19 20.95
9.10 20.87
9.10 20.95
9.10 20.95
9.01 20.95
8.92 20.95
8.92 20.95
8.83 20.95
8.74 21.04
8.65 21.04
8.65 21.13
8.55 21.13
8.55 21.13
8.55 21.13
8.46 21.13
8.37 21.13
8.37 21.21
8.28 21.21
8.19 21.21
8.19 21.30
8.10 21.30
8.10 21.30
8.10 21.21
8.01 21.30
8.01 21.38
7.82 21.30
7.82 21.38
7.73 21.38
7.73 21.38
7.73 21.47
7.73 21.38
7.64 21.47
7.64 21.47
7.55 21.47
7.46 21.47
7.36 21.56
7.27 21.56
7.27 21.56
7.27 21.56
7.18 21.56
7.18 21.64
7.18 21.64
7.18 21.64
7.09 21.64
6.99 21.73
6.90 21.73
6.90 21.73
6.81 21.73
6.81 21.73
6.81 21.82
6.81 21.82
6.72 21.82
6.62 21.82
6.53 21.82
6.62 21.82
6.53 21.90
6.44 21.90
6.44 21.90
6.34 21.99
6.34 21.99
6.25 21.99
6.25 21.99
6.25 21.99
6.16 22.08
6.16 22.08
6.06 22.08
6.06 22.16
6.06 22.16
5.97 22.08
5.87 22.16
5.97 22.16
5.97 22.16
5.87 22.25
5.87 22.25
5.78 22.25
5.78 22.25
5.69 22.34
5.59 22.34
5.59 22.34
5.59 22.25
5.50 22.34
5.50 22.42
5.50 22.42
5.40 22.42
5.40 22.42
5.40 22.42
5.31 22.42
5.31 22.51
5.21 22.51
5.31 22.51
5.21 22.51
5.12 22.51
5.12 22.60
5.12 22.60
5.12 22.60
5.12 22.68
4.83 22.68
4.93 22.68
4.93 22.68
4.83 22.77
4.83 22.68
4.83 22.77
4.74 22.77
4.64 22.77
4.64 22.77
4.54 22.86
4.54 22.86
4.54 22.86
4.54 22.86
4.54 22.77
4.45 22.86
4.45 22.86
4.45 22.94
4.45 22.94
4.35 22.94
4.35 22.94
4.26 22.94
4.26 22.94
4.16 23.03
4.26 23.03
4.26 23.03
4.16 23.03
4.16 23.29
4.16 23.12
4.06 23.12
3.97 23.21
3.97 23.21
4.06 23.21
3.97 23.12
3.87 23.21
3.87 23.38
3.97 23.29
3.87 23.29
3.87 23.29
3.77 23.29
3.67 23.29
3.67 23.29
3.67 23.38
3.58 23.29
3.67 23.55
3.58 23.47
3.58 23.38
3.48 23.47
3.58 23.47
3.58 23.47
3.48 23.55
3.48 23.55
3.48 23.47
3.38 23.55
3.38 23.55
3.28 23.55
3.28 23.64
3.28 23.64
3.19 23.64
3.09 23.64
3.09 23.64
3.09 23.64
3.09 23.73
3.09 23.73
3.09 23.73
2.99 23.90
2.99 23.82
2.99 23.82
2.99 23.82
2.99 23.82
2.89 23.82
2.89 23.90
2.89 23.90
2.89 23.90
2.89 23.90
2.79 23.90
2.79 23.90
2.79 23.99
2.79 23.99
2.69 23.99
2.69 23.99
2.69 23.99
2.69 24.08
2.59 24.08
2.59 24.08
2.69 24.08
2.59 24.08
2.59 24.17
2.39 24.17
2.59 24.17
2.49 24.17
2.49 24.17
2.49 24.25
2.39 24.25
2.39 24.25
2.39 24.34
2.39 24.34
2.29 24.34
2.29 24.25
2.39 24.34
2.19 24.34
2.29 24.34
2.19 24.43
2.19 24.43
2.09 24.43
2.19 24.34
2.09 24.43
2.19 24.43
2.19 24.43
2.09 24.52
2.09 24.52
2.09 24.52
1.99 24.52
1.99 24.52
2.09 24.60
2.09 24.60
1.99 24.60
1.99 24.60
1.99 24.60
1.89 24.60
1.89 24.69
1.89 24.60
1.59 24.69
1.89 24.78
1.79 24.78
1.69 24.78
1.79 24.78
1.99 24.78
1.79 24.78
1.79 24.87
1.79 24.87
1.79 24.87
1.69 24.87
1.69 24.87
1.69 24.87
1.59 24.96
1.59 24.96
1.59 24.96
1.59 24.96
1.59 25.04
1.59 24.96
1.59 25.04
1.69 25.04
1.59 25.04
1.49 25.04
1.39 25.04
1.49 25.04
1.39 25.13
1.39 25.13
1.39 25.13
1.29 25.13
1.29 25.22
1.39 25.13
1.29 25.22
1.29 25.22
1.29 25.22
1.29 25.22
1.29 25.31
1.39 25.31
1.29 25.40
1.18 25.31
1.18 25.31
1.29 25.31
1.18 25.40
1.39 25.31
1.49 25.40
1.59 25.40
