20.09 20.43
20.09 20.43
20.09 20.52
20.09 20.43
20.09 20.43
20.09 20.43
20.09 20.43
20.09 20.43
20.09 20.43
20.09 20.43
20.09 20.43
20.09 20.43
20.09 20.52
20.09 20.43
20.09 20.43
20.09 20.43
20.09 20.52
20.09 20.43
20.00 20.43
20.00 20.43
20.09 20.52
20.00 20.43
20.00 20.43
20.00 20.43
20.00 20.52
19.92 20.43
19.83 20.43
19.75 20.43
19.66 20.43
19.57 20.52
19.49 20.43
19.32 20.52
19.23 20.43
19.06 20.52
18.97 20.52
18.88 20.52
18.71 20.52
18.63 20.52
18.54 20.52
18.37 20.61
18.28 20.61
18.20 20.61
18.02 20.61
17.94 20.69
17.85 20.69
17.77 20.69
17.68 20.69
17.51 20.69
17.42 20.78
17.34 20.87
17.25 20.87
17.16 20.87
17.08 20.87
16.90 20.87
16.90 20.95
16.82 20.87
16.73 20.95
16.65 20.95
16.56 21.04
16.47 21.04
16.39 21.04
16.30 21.13
16.22 21.13
16.13 21.13
16.04 21.21
16.04 21.21
15.87 21.21
15.78 21.21
15.70 21.30
15.61 21.30
15.52 21.30
15.44 21.38
15.35 21.38
15.26 21.38
15.26 21.47
15.18 21.47
15.09 21.47
15.01 21.47
14.92 21.47
14.83 21.56
14.66 21.56
14.66 21.56
14.57 21.64
14.57 21.64
14.48 21.73
14.40 21.73
14.31 21.73
14.22 21.73
14.14 21.73
14.14 21.73
14.05 21.82
13.96 21.82
13.88 21.90
13.88 21.90
13.79 21.90
13.62 21.90
13.62 21.99
13.62 21.99
13.53 21.99
13.44 22.08
13.35 22.08
13.27 22.08
13.18 22.08
13.18 22.16
13.09 22.16
13.00 22.16
13.00 22.25
13.00 22.25
12.83 22.25
12.65 22.34
12.65 22.34
12.57 22.34
12.48 22.34
12.39 22.25
12.30 22.42
12.30 22.42
12.21 22.42
12.30 22.51
12.13 22.51
12.13 22.60
12.13 22.68
11.95 22.68
11.95 22.68
11.95 22.68
11.86 22.68
11.77 22.77
11.77 22.77
11.60 22.77
11.51 22.86
11.51 22.86
11.51 22.86
11.42 22.94
11.42 22.94
11.33 22.94
11.24 22.94
11.16 23.03
11.07 23.03
11.07 23.12
10.98 23.12
10.89 23.21
10.89 23.21
10.80 23.21
10.80 23.21
10.71 23.21
10.62 23.29
10.53 23.29
10.62 23.38
10.44 23.29
10.44 23.38
10.44 23.47
10.44 23.47
10.44 23.47
10.27 23.55
10.09 23.55
10.09 23.55
10.09 23.64
10.00 23.64
10.00 23.64
10.00 23.64
9.91 23.73
9.82 23.73
9.82 23.73
9.73 23.73
9.73 23.82
9.64 23.82
9.64 23.90
9.55 23.90
9.55 23.90
9.46 23.99
9.46 23.99
9.37 23.99
9.28 23.99
9.28 24.08
9.28 24.08
9.28 24.08
9.19 24.17
9.10 24.17
9.10 24.17
9.01 24.25
8.92 24.25
8.92 24.25
8.83 24.25
8.83 24.34
8.74 24.34
8.74 24.43
8.74 24.43
8.65 24.43
8.65 24.43
8.65 24.52
8.65 24.52
8.55 24.52
8.46 24.60
8.46 24.60
8.37 24.60
8.37 24.69
8.37 24.69
8.28 24.69
8.19 24.78
8.19 24.78
8.19 24.78
8.10 24.87
8.10 24.87
8.10 24.87
8.01 24.87
8.01 24.96
7.92 24.96
7.92 24.96
7.92 25.04
7.82 25.04
7.82 25.04
7.82 25.13
7.82 25.13
7.73 25.13
7.73 25.13
7.64 25.22
7.64 25.31
7.55 25.31
7.55 25.31
7.55 25.31
7.46 25.31
7.46 25.48
7.36 25.40
7.36 25.48
7.36 25.48
7.36 25.57
7.27 25.57
7.27 25.57
7.18 25.57
7.18 25.57
7.09 25.66
7.09 25.66
7.09 25.66
7.09 25.75
6.99 25.75
6.90 25.75
6.90 25.84
6.81 25.75
6.90 25.84
6.72 25.84
6.72 26.02
6.72 25.93
6.62 25.93
6.72 25.93
6.62 26.02
6.62 26.02
6.62 26.10
6.62 26.10
6.53 26.10
6.53 26.10
6.53 26.19
6.53 26.10
6.44 26.19
6.44 26.28
6.44 26.28
6.34 26.28
6.34 26.28
6.25 26.37
6.25 26.46
6.25 26.37
6.16 26.37
6.06 26.46
6.16 26.55
6.06 26.55
6.06 26.46
6.16 26.55
6.06 26.55
6.06 26.64
5.97 26.64
5.97 26.73
5.97 26.73
5.87 26.73
5.87 26.73
5.78 26.73
5.87 26.82
5.78 26.82
5.78 26.82
5.69 26.91
5.78 26.91
5.78 26.91
5.69 26.99
5.59 26.99
5.59 27.08
5.59 27.08
5.59 27.08
5.50 27.08
5.50 27.08
5.50 27.17
5.50 27.17
5.40 27.17
5.40 27.26
5.40 27.26
5.40 27.26
5.31 27.35
5.40 27.35
5.31 27.35
5.40 27.44
5.31 27.44
5.21 27.44
5.21 27.44
5.21 27.53
5.21 27.53
5.21 27.53
5.21 27.53
5.12 27.62
5.12 27.62
5.12 27.62
5.12 27.62
5.12 27.71
5.12 27.71
5.12 27.71
5.02 27.71
5.02 27.80
5.02 27.80
5.02 27.80
5.02 27.89
5.02 27.89
5.02 27.98
4.93 27.98
4.93 27.98
4.93 28.07
4.93 27.98
4.83 28.07
4.83 28.07
4.83 28.16
4.83 28.16
4.83 28.16
4.83 28.25
4.83 28.25
4.74 28.25
4.74 28.25
4.74 28.34
4.74 28.34
4.64 28.43
4.64 28.43
4.64 28.43
4.64 28.52
4.64 28.52
4.54 28.52
4.64 28.61
4.54 28.61
4.54 28.61
4.54 28.61
4.54 28.71
4.54 28.71
4.45 28.80
4.45 28.71
4.45 28.80
4.54 28.80
4.45 28.89
4.35 28.80
4.35 28.89
4.35 28.89
4.35 28.98
4.35 28.98
4.35 28.98
4.35 28.98
4.45 29.07
4.26 29.07
4.35 29.07
4.26 29.07
4.35 29.16
4.26 29.16
4.26 29.16
4.26 29.16
4.26 29.25
4.26 29.25
4.26 29.34
4.16 29.25
4.26 29.34
4.26 29.25
4.06 29.34
4.16 29.34
4.16 29.34
4.16 29.43
4.06 29.43
4.16 29.43
4.06 29.53
4.06 29.53
3.97 29.62
4.06 29.53
4.06 29.62
4.16 29.62
4.06 29.80
4.06 29.71
4.06 29.71
3.97 29.71
3.97 29.71
3.97 29.80
3.97 29.80
3.97 29.80
3.97 29.89
4.06 29.89
3.97 29.89
3.97 29.99
3.87 30.08
3.87 29.99
3.87 29.99
3.87 29.99
3.87 30.08
3.87 29.99
3.87 30.08
3.87 30.08
3.87 30.08
3.77 30.08
3.87 30.17
3.87 30.17
3.87 30.17
3.87 30.17
3.87 30.26
3.97 30.26
4.06 30.26
4.16 30.35
4.16 30.35
4.26 30.35
4.26 30.35
4.45 30.45
4.45 30.45
4.54 30.45
4.54 30.45
4.64 30.54
4.74 30.54
4.74 30.54
4.74 30.54