21.47 22.77
21.47 22.77
21.47 22.86
21.47 22.86
21.47 22.86
21.47 22.86
21.47 22.86
21.38 22.86
21.47 22.86
21.38 22.86
21.38 22.86
21.38 22.77
21.47 22.86
21.38 22.77
21.38 22.86
21.38 22.77
21.56 22.86
21.38 22.77
21.38 22.86
21.38 22.86
21.38 22.77
21.30 22.86
21.30 22.77
21.21 22.86
21.04 22.86
20.95 22.86
20.87 22.86
20.78 22.86
20.69 22.86
20.61 22.86
20.52 22.86
20.35 22.86
20.26 22.86
20.09 22.86
20.00 22.86
19.83 22.86
19.75 22.86
19.57 22.94
19.49 22.94
19.40 22.94
19.32 22.94
19.23 23.03
19.14 23.03
19.06 23.03
18.88 23.03
18.80 23.12
18.71 23.21
18.63 23.21
18.54 23.21
18.45 23.29
18.37 23.29
18.28 23.29
18.20 23.29
18.11 23.38
18.11 23.38
18.02 23.47
18.02 23.64
17.85 23.47
17.85 23.55
17.77 23.64
17.68 23.64
17.59 23.64
17.51 23.64
17.51 23.73
17.51 23.82
17.34 23.73
17.34 23.82
17.25 23.73
17.16 23.90
17.08 23.90
16.99 23.90
16.99 23.99
16.90 23.99
16.82 23.99
16.82 24.08
16.73 24.08
16.73 24.17
16.65 24.17
16.65 24.17
16.56 24.25
16.47 24.25
16.47 24.34
16.39 24.34
16.39 24.43
16.30 24.34
16.22 24.43
16.22 24.52
16.13 24.52
16.04 24.60
16.13 24.60
15.96 24.69
15.87 24.69
15.87 24.78
15.87 24.78
15.78 24.87
15.70 24.87
15.70 24.87
15.61 24.96
15.61 24.96
15.52 25.04
15.44 25.04
15.44 25.13
15.44 25.13
15.35 25.13
15.35 25.22
15.26 25.22
15.26 25.31
15.18 25.31
15.18 25.31
15.09 25.40
15.09 25.40
15.01 25.48
15.01 25.48
14.92 25.57
14.92 25.57
14.92 25.57
14.83 25.66
14.75 25.66
14.75 25.75
14.66 25.75
14.66 25.84
14.66 25.84
14.57 25.84
14.57 25.84
14.57 25.93
14.48 26.02
14.40 26.02
14.40 26.10
14.40 26.10
14.40 26.19
14.31 26.19
14.31 26.28
14.22 26.28
14.22 26.46
14.22 26.37
14.14 26.46
14.14 26.46
14.05 26.46
14.05 26.55
13.96 26.55
13.96 26.64
13.96 26.64
13.88 26.73
13.88 26.73
13.88 26.73
13.79 26.82
13.79 26.91
13.79 26.91
13.70 26.91
13.70 26.91
13.62 26.99
13.62 27.08
13.62 27.08
13.53 27.08
13.53 27.17
13.53 27.26
13.53 27.26
13.44 27.35
13.44 27.35
13.44 27.44
13.35 27.44
13.35 27.44
13.35 27.53
13.27 27.62
13.27 27.62
13.27 27.71
13.18 27.71
13.18 27.71
13.18 27.80
13.09 27.89
13.09 27.89
13.09 27.89
13.09 27.98
13.09 27.98
13.00 28.07
13.00 28.16
13.00 28.16
13.00 28.25
12.92 28.25
12.92 28.25
12.92 28.34
12.92 28.34
12.83 28.43
12.83 28.43
12.83 28.52
12.83 28.52
12.83 28.61
12.74 28.61
12.74 28.71
12.74 28.71
12.74 28.80
12.65 28.80
12.65 28.80
12.65 28.89
12.65 28.89
12.57 28.98
12.57 28.98
12.57 29.07
12.57 29.07
12.48 29.25
12.48 29.16
12.48 29.25
12.48 29.25
12.48 29.34
12.48 29.43
12.48 29.43
12.39 29.53
12.39 29.53
12.39 29.53
12.39 29.62
12.39 29.62
12.30 29.71
12.30 29.80
12.30 29.71
12.30 29.80
12.39 30.08
12.30 29.89
12.30 29.99
12.21 29.99
12.30 30.08
12.21 30.08
12.21 30.08
12.21 30.17
12.21 30.26
12.13 30.26
12.21 30.26
12.21 30.35
12.13 30.35
12.13 30.45
12.13 30.45
12.13 30.54
12.04 30.54
12.04 30.63
12.13 30.63
12.04 30.63
12.04 30.82
12.13 30.82
11.95 30.82
12.04 30.91
12.04 30.91
12.04 31.00
12.04 31.00
12.04 31.00
11.95 31.10
11.95 31.10
11.95 31.19
11.95 31.19
11.95 31.19
11.95 31.28
11.95 31.28
11.95 31.38
11.95 31.38
11.86 31.47
11.95 31.47
11.95 31.56
11.95 31.56
11.95 31.66
11.86 31.66
11.86 31.75
11.95 31.75
11.86 31.85
11.86 31.85
11.95 31.85
11.86 31.94
11.86 31.94
11.86 32.03
11.86 32.03
11.86 32.03
11.86 32.13
11.95 32.13
11.86 32.22
11.77 32.22
11.86 32.51
11.86 32.32
11.86 32.41
11.86 32.41
11.86 32.51
11.60 32.51
11.77 32.51
11.77 32.60
11.77 32.70
11.77 32.70
11.77 32.70
11.77 32.79
11.77 32.79
11.77 32.89
11.77 32.98
11.77 32.98
11.77 33.08
11.86 33.08
11.77 33.18
11.77 33.18
11.77 33.27
11.77 33.27
11.77 33.37
11.77 33.37
11.77 33.37
11.77 33.46
11.77 33.46
11.77 33.56
11.77 33.56
11.77 33.66
11.77 33.66
11.77 33.75
11.77 33.75
11.86 33.75
11.77 33.85
11.86 33.85
11.77 33.95
11.77 33.95
11.77 34.04
11.77 34.04
11.77 34.24
11.77 34.14
11.77 34.14
11.86 34.24
11.77 34.33
11.77 34.33
11.77 34.33
11.77 34.43
11.77 34.43
11.77 34.53
11.77 34.53
11.77 34.63
11.77 34.63
11.77 34.63
11.86 34.73
11.86 34.82
11.77 34.82
11.86 34.92
11.86 34.92
11.86 34.92
11.86 34.92
11.86 35.02
11.86 35.02
11.86 35.12
11.86 35.12
11.86 35.22
11.86 35.22
11.86 35.22
11.86 35.32
11.95 35.42
11.86 35.42
11.95 35.42
11.86 35.51
11.86 35.51
11.95 35.51
11.86 35.61
11.95 35.61
11.95 35.71
11.95 35.81
11.95 35.81
11.95 35.81
11.95 35.91
11.95 35.91
11.95 36.01
11.95 36.01
11.95 36.01
11.95 36.11
11.95 36.11
11.95 36.11
11.95 36.21
12.04 36.21
11.95 36.21
11.95 36.21
12.04 36.31
11.95 36.31
11.95 36.31
12.04 36.41
12.04 36.51
12.13 36.51
12.04 36.62
12.04 36.62
12.04 36.72
12.13 36.72
12.04 36.82
12.04 36.82
12.13 36.92
12.04 36.92
12.13 37.02
12.13 37.02
12.21 37.02
12.13 37.12
12.13 37.12
12.13 37.22
12.13 37.22
12.13 37.22
12.13 37.22
12.30 37.22
12.21 37.22
12.21 37.33
12.21 37.12
12.21 37.33
12.30 37.43
12.39 37.43
12.48 37.53
12.57 37.53
12.57 37.53
12.57 37.63
12.65 37.63