19.14 20.09
19.14 20.09
19.06 20.00
19.06 20.00
18.97 19.92
19.14 20.18
19.23 20.18
19.32 20.26
19.40 20.35
19.32 20.18
19.32 20.26
19.32 20.35
19.14 20.09
19.32 20.09
19.14 20.18
19.14 20.26
18.97 20.18
19.32 20.35
19.23 20.26
19.23 20.35
18.97 20.09
18.88 20.09
18.80 20.00
18.71 20.00
18.71 20.00
18.63 19.92
18.63 20.00
18.63 20.00
18.63 20.00
18.63 20.00
18.63 20.09
18.63 20.09
18.54 20.09
18.45 20.00
18.45 20.00
18.45 20.00
18.45 20.18
18.45 20.09
18.45 20.09
18.37 20.09
18.37 20.09
18.37 20.09
18.28 20.09
18.20 20.09
18.20 20.00
18.11 20.00
18.11 20.00
18.02 20.18
18.02 20.00
18.02 19.92
17.94 20.00
17.94 20.00
17.94 20.00
17.94 20.09
18.02 20.09
17.94 20.09
17.85 20.09
17.85 20.09
17.85 20.09
17.85 20.09
17.77 20.18
17.77 20.09
17.77 20.09
17.68 20.00
17.68 20.09
17.68 20.18
17.68 20.18
17.59 20.18
17.59 20.09
17.59 20.18
17.59 20.18
17.51 20.18
17.59 20.26
17.51 20.18
17.51 20.18
17.51 20.26
17.51 20.26
17.42 20.26
17.42 20.18
17.51 20.26
17.42 20.35
17.51 20.35
17.42 20.26
17.34 20.26
17.34 20.26
17.34 20.43
17.25 20.35
17.25 20.26
17.16 20.26
17.16 20.26
17.08 20.18
17.08 20.26
17.08 20.26
16.99 20.18
16.99 20.18
17.08 20.18
16.73 20.09
16.82 20.18
16.73 20.09
16.73 20.09
16.65 20.00
16.65 20.09
16.56 20.09
16.56 20.00
16.56 20.00
16.56 20.00
16.47 20.00
16.47 20.09
16.39 20.09
16.47 20.00
16.47 20.09
16.39 20.00
16.39 20.09
16.30 20.09
16.30 20.09
16.30 20.09
16.47 20.09
16.30 20.09
16.30 20.09
16.22 20.09
16.22 20.18
16.22 20.18
16.22 20.18
16.22 20.18
16.22 20.18
16.22 20.26
16.22 20.26
16.22 20.26
16.22 20.26
16.22 20.35
16.13 20.35
16.13 20.35
16.13 20.35
16.13 20.35
16.13 20.35
16.13 20.35
16.13 20.43
16.13 20.43
16.13 20.43
16.13 20.52
16.13 20.52
16.22 20.61
16.13 20.61
16.22 20.61
15.87 20.35
15.52 20.09
15.61 20.09
15.44 20.00
15.35 20.00
15.35 20.00
15.35 20.00
15.35 20.00
15.44 20.00
15.26 20.00
15.26 20.00
15.26 20.09
15.26 20.00
15.18 20.00
15.18 20.09
15.18 20.09
15.26 20.09
15.18 20.09
15.26 20.18
15.18 20.18
15.26 20.18
15.18 20.18
15.09 20.18
15.09 20.18
15.09 20.09
15.09 20.18
15.09 20.18
15.09 20.26
15.09 20.26
15.09 20.18
15.01 20.18
15.01 20.26
15.01 20.26
14.92 20.26
15.01 20.26
14.92 20.26
14.92 20.26
14.92 20.26
14.92 20.35
14.83 20.26
14.83 20.35
14.83 20.26
14.83 20.35
14.75 20.35
14.75 20.35
14.83 20.35
14.83 20.35
14.75 20.35
14.75 20.35
14.75 20.43
14.75 20.43
14.75 20.43
14.75 20.52
14.75 20.43
14.75 20.43
14.75 20.52
14.75 20.52
14.75 20.52
14.66 20.52
14.66 20.52
14.66 20.52
14.57 20.52
14.57 20.52
14.57 20.52
14.57 20.52
14.57 20.61
14.57 20.52
14.57 20.61
14.57 20.61
14.57 20.61
14.57 20.61
14.57 20.61
14.48 20.61
14.48 20.61
14.48 20.61
14.40 20.61
14.40 20.52
14.40 20.61
14.31 20.61
14.31 20.52
14.22 20.52
14.14 20.43
14.05 20.43
14.14 20.43
14.05 20.43
14.05 20.43
14.05 20.43
13.96 20.43
13.96 20.43
13.96 20.43
13.96 20.43
13.88 20.52
13.88 20.52
13.88 20.43
13.88 20.52
13.88 20.52
13.88 20.52
13.88 20.52
13.88 20.52
13.79 20.52
13.79 20.52
13.79 20.52
13.79 20.61
13.79 20.52
13.70 20.52
13.79 20.61
13.79 20.61
13.70 20.52
13.79 20.61
13.70 20.61
13.70 20.61
13.70 20.61
13.70 20.61
13.62 20.61
13.70 20.61
13.62 20.61
13.62 20.61
13.62 20.69
13.53 20.61
13.62 20.61
13.53 20.61
13.53 20.61
13.53 20.69
13.53 20.61
13.44 20.61
13.44 20.61
13.44 20.69
13.44 20.61
13.44 20.69
13.35 20.61
13.27 20.69
13.35 20.69
13.27 20.61
13.27 20.61
13.27 20.61
13.27 20.61
13.27 20.69
13.18 20.61
13.27 20.69
13.18 20.69
13.18 20.69
13.18 20.69
13.09 20.69
13.00 20.69
13.09 20.61
13.00 20.69
13.09 20.69
13.00 20.69
13.00 20.69
13.00 20.78
13.00 20.69
13.09 20.87
13.00 20.69
13.00 20.69
13.00 20.69
13.00 20.78
13.00 20.78
12.92 20.78
12.92 20.78
13.00 20.69
12.92 20.78
12.92 20.78
12.92 20.78
12.92 20.78
12.83 20.78
12.83 20.78
12.83 20.78
12.83 20.78
12.83 20.78
12.83 20.78
12.74 20.87
12.74 20.78
12.65 20.78
12.65 20.78
12.65 20.78
12.65 20.87
12.65 20.78
12.65 20.78
12.57 20.78
12.57 20.87
12.57 20.87
12.57 20.87
12.57 21.13
12.48 20.87
12.48 20.78
12.57 20.87
12.48 20.78
12.48 20.87
12.48 20.87
12.48 20.87
12.48 20.87
12.48 20.87
12.48 20.87
12.30 20.87
12.48 20.95
12.39 20.87
12.39 20.87
12.39 20.87
12.39 20.87
12.39 21.04
12.39 20.87
12.39 20.87
12.30 20.95
12.30 20.95
12.30 20.87
12.21 20.95
12.30 20.95
12.30 20.95
12.21 20.95
12.21 20.95
12.21 20.95
12.21 20.95
12.21 20.95
12.13 20.95
12.13 20.95
12.13 20.95
12.13 20.95
12.13 20.95
12.13 20.95
12.21 21.04
12.13 20.95
12.13 20.95
12.04 21.04
12.04 21.04
12.04 21.04
12.04 21.04
12.04 21.04
12.04 21.04
12.04 21.04
12.04 21.04
12.04 21.04
11.95 21.04
11.95 21.04
11.95 21.04
11.95 21.04
11.95 21.04
11.95 21.04
11.95 21.13
11.95 21.13
11.86 21.13
11.95 21.04
11.86 21.13
11.77 21.04
11.77 21.04
11.86 21.13
11.77 21.04
11.60 20.95
11.51 20.87
11.42 20.69
11.33 20.69
11.33 20.61
11.42 20.69
11.42 20.61
11.33 20.69
11.33 20.69
11.42 20.69
11.42 20.61
11.60 20.69
11.60 20.78
11.69 20.87