22.42 22.51

22.42 22.51

22.42 22.51

22.42 22.51

22.42 22.68

22.42 22.86

22.42 22.94

22.42 22.60

22.42 22.51

22.42 22.60

22.42 22.60

22.42 22.51

22.42 22.60

22.42 22.60

22.42 22.68

22.42 22.60

22.42 22.68

22.42 22.68

22.42 22.77

22.42 22.77

22.42 22.86

22.42 22.86

22.42 22.94

22.42 22.94

22.34 23.03

22.42 23.03

22.42 23.21

22.42 23.21

22.42 23.29

22.42 23.38

22.42 23.38

22.42 23.47

22.42 23.55

22.42 23.64

22.42 23.82

22.42 23.82

22.42 23.82

22.34 23.90

22.34 23.99

22.34 24.08

22.34 24.25

22.34 24.25

22.34 24.34

22.34 24.43

22.25 24.43

22.16 24.52

22.16 24.60

22.16 24.69

22.16 24.78

22.08 24.87

22.08 24.87

22.08 25.04

21.99 25.04

21.99 25.13

21.99 25.22

21.90 25.31

21.90 25.40

21.90 25.40

21.90 25.48

21.82 25.57

21.82 25.66

21.82 25.75

21.82 25.75

21.73 25.84

21.73 25.93

21.73 26.02

21.64 26.02

21.64 26.10

21.64 26.19

21.64 26.28

21.56 26.37

21.56 26.37

21.56 26.64

21.56 26.55

21.47 26.73

21.47 26.82

21.47 26.91

21.47 26.82

21.47 26.82

21.47 26.91

21.38 26.99

21.38 27.17

21.38 27.26

21.30 27.26

21.30 27.44

21.30 27.44

21.30 27.35

21.21 27.44

21.21 27.53

21.21 27.53

21.21 27.62

21.21 27.62

21.13 27.71

21.13 27.71

21.13 27.71

21.13 27.89

21.04 27.80

21.04 27.89

21.04 27.89

21.04 27.98

20.95 27.98

20.95 28.16

20.95 28.16

20.95 28.25

20.87 28.25

20.87 28.25

20.87 28.34

20.87 28.43

20.87 28.43

20.78 28.52

20.78 28.52

20.78 28.61

20.78 28.61

20.78 28.71

20.69 28.71

20.69 28.80

20.61 28.80

20.61 28.89

20.61 28.89

20.61 28.98

20.61 28.98

20.52 29.07

20.52 29.16

20.52 29.16

20.43 29.16

20.43 29.25

20.43 29.25

20.43 29.34

20.35 29.34

20.35 29.34

20.35 29.43

20.26 29.53

20.26 29.53

20.26 29.43

20.26 29.62

20.18 29.62

20.18 29.62

20.18 29.71

20.18 29.71

20.09 29.80

20.09 29.80

20.09 29.89

20.00 29.89

20.00 29.89

20.00 29.99

19.92 29.99

19.92 30.08

19.92 30.08

19.92 30.08

19.83 30.17

19.83 30.17

19.83 30.26

19.75 30.26

19.75 30.26

19.75 30.35

19.75 30.35

19.66 30.35

19.66 30.45

19.66 30.45

19.57 30.54

19.57 30.54

19.57 30.63

19.57 30.63

19.49 30.63

19.49 30.63

19.49 30.72

19.40 30.72

19.40 30.72

19.40 30.72

19.40 30.82

19.32 30.82

19.32 30.91

19.32 30.91

19.32 31.00

19.32 31.00

19.23 31.00

19.23 31.10

19.23 31.10

19.14 31.19

19.14 31.19

19.14 31.19

19.14 31.28

19.14 31.28

19.06 31.28

19.06 31.38

19.06 31.38

18.97 31.38

18.97 31.47

18.97 31.47

18.97 31.47

18.88 31.47

18.88 31.47

18.88 31.47

18.88 31.47

18.80 31.56

18.80 31.56

18.80 31.66

18.71 31.66

18.71 31.66

18.71 31.66

18.71 31.75

18.63 31.85

18.63 31.75

18.63 31.85

18.54 31.85

18.54 31.85

18.54 31.94

18.54 31.94

18.54 31.94

18.45 31.85

18.45 31.94

18.45 32.03

18.45 32.03

18.37 32.03

18.37 32.03

18.37 32.03

18.37 32.03

18.28 32.03

18.28 32.13

18.28 32.13

18.20 32.13

18.28 32.22

18.20 32.22

18.20 32.13

18.11 32.22

18.11 32.22

18.11 32.22

18.11 32.32

18.11 32.32

18.11 32.32

18.02 32.41

18.02 32.41

18.02 32.41

17.94 32.41

17.94 32.41

17.94 32.41

17.85 32.41

17.85 32.41

17.85 32.41

17.85 32.41

17.85 32.41

17.85 32.41

17.77 32.51

17.77 32.51

17.77 32.51

17.68 32.51

17.77 32.51

17.68 32.51

17.68 32.51

17.68 32.51

17.59 32.51

17.59 32.51

17.59 32.60

17.59 32.60

17.51 32.60

17.51 32.60

17.51 32.60

17.51 32.60

17.51 32.70

17.42 32.60

17.42 32.60

17.42 32.60

17.42 32.70

17.34 32.70

17.34 32.70

17.34 32.70

17.34 32.70

17.34 32.70

17.25 32.79

17.25 32.70

17.25 32.79

17.25 32.79

17.16 32.70

17.16 32.79

17.16 32.79

17.16 33.75

17.16 32.98

17.08 32.98

17.08 33.08

17.08 33.18

17.08 33.27

16.99 33.18

16.99 33.27

16.99 33.37

16.99 33.18

16.99 33.18

16.90 33.27

16.99 33.08

16.90 33.18

16.90 33.18

16.90 33.08

16.82 33.18

16.82 33.18

16.82 33.18

16.82 33.18

16.82 33.18

16.82 33.18

16.73 33.18

16.73 33.18

16.73 33.27

16.73 33.27

16.65 33.27

16.65 33.27

16.65 33.37

16.65 33.27

16.65 33.27

16.65 33.27

16.56 33.27

16.56 33.27

16.56 33.27

16.56 33.27

16.56 33.27

16.47 33.27

16.47 33.27

16.47 33.37

16.47 33.37

16.39 33.37

16.47 33.37

16.39 33.37

16.39 33.37

16.39 33.37

16.39 33.37

16.30 33.37

16.30 33.37

16.30 33.37

16.30 33.46

16.30 33.46

16.30 33.46

16.22 33.46

16.22 33.46

16.22 33.37

16.22 33.46

16.22 33.46

16.22 33.46

16.22 33.46

16.13 33.46

16.13 33.46

16.13 33.56

16.13 33.56

16.13 33.56

16.13 33.56

16.04 33.56

16.04 33.56

16.04 33.56

16.04 33.56

16.04 33.56

15.96 33.56

15.96 33.56

15.96 33.56

15.96 33.56

15.96 33.56

15.87 33.66

15.87 33.56

15.87 33.66

15.87 33.66

15.87 33.66

15.87 33.66

15.87 33.66

15.87 33.66

15.78 33.66

15.78 33.66

15.78 33.66

15.78 33.66

15.78 33.75

15.78 33.75

15.70 33.66

15.70 33.75

15.70 33.75

15.70 33.75

15.70 33.75

15.70 33.75

15.70 33.75

15.61 33.75

15.61 33.75

15.61 33.75

15.61 33.75

15.61 33.75

15.61 33.85

15.52 33.75

15.52 33.75

15.52 33.75

15.52 33.75

15.52 33.85

15.44 33.85

15.52 33.75

15.44 33.66

15.52 33.75

15.44 33.85

15.44 33.85

15.44 33.75

15.44 33.85

15.44 33.85

15.35 33.85

15.35 33.75

15.35 33.85

15.35 33.85

15.35 33.85

15.35 33.85

15.35 33.85

15.35 33.85

15.35 33.85

15.26 33.85

15.26 33.85

15.26 33.85

15.18 33.85

15.26 33.85

15.18 33.85

15.18 33.85

15.18 33.95

15.18 33.95

15.18 33.85

15.18 33.95

15.18 33.95

15.09 33.85

15.18 33.95

15.09 33.95

15.09 33.85

15.09 33.95

15.09 33.95

15.09 33.95

15.09 33.95

15.01 33.95

15.01 33.95

15.01 33.95

14.92 33.95

14.92 33.95

14.92 33.95

14.83 33.95

14.83 33.95

14.83 33.95

14.83 33.95

14.83 33.95

14.75 33.95

14.75 33.95

14.75 33.95

14.75 33.95

14.75 33.95

14.75 33.95

14.66 33.95

14.66 33.95

14.66 33.95

14.66 33.95

14.66 33.95

14.66 33.95

14.57 34.04

14.66 34.04

14.57 33.95

14.57 33.95

14.57 34.04

14.57 34.04

14.57 34.04

14.57 34.04

14.57 34.04

14.57 34.04

14.57 34.04

14.48 34.04

14.48 34.04

14.48 34.04

14.48 34.04

14.48 34.04

14.48 34.14

14.48 34.14

14.48 34.14

14.48 34.14

14.40 34.24

14.48 34.14

14.40 34.14

14.40 34.24

14.40 34.24

14.40 34.24

14.40 34.24

14.40 34.24

14.40 34.24

14.40 34.24

14.40 34.24

14.40 34.24

14.40 34.24

14.40 34.24

14.40 34.24

14.40 34.24

14.40 34.24

14.40 34.24

14.40 34.24

14.40 34.24

14.40 34.24

14.40 34.24

14.40 34.24

14.40 34.24

14.40 34.24

14.40 34.24

14.31 34.14

14.31 34.24

14.40 34.14

14.40 34.14

14.31 33.95

14.31 34.04

14.31 34.04
