22.16 21.30

22.16 21.30

22.16 21.30

22.16 21.21

22.16 21.21

22.16 21.21

22.16 21.21

22.16 21.21

22.16 21.21

22.16 21.21

22.16 21.21

22.16 21.21

22.16 21.13

22.16 21.13

22.16 21.13

22.16 21.13

22.16 21.13

22.16 21.13

22.16 21.13

22.16 21.13

22.16 21.13

22.16 21.13

22.16 21.13

22.16 21.13

22.16 21.13

22.16 21.13

22.16 21.13

22.16 21.13

22.16 21.13

22.16 21.13

22.16 21.13

22.16 21.13

22.16 21.13

22.16 21.04

22.16 21.13

22.16 21.13

22.16 21.13

22.16 21.13

22.16 21.13

22.16 21.13

22.16 21.04

22.16 21.13

22.16 21.04

22.16 21.13

22.16 21.13

22.16 21.13

22.16 21.13

22.16 21.13

22.16 21.13

22.16 21.13

22.16 21.13

22.16 21.13

22.16 21.21

22.16 21.21

22.16 21.21

22.16 21.30

22.16 21.30

22.16 21.30

22.16 21.38

22.16 21.38

22.16 21.47

22.16 21.47

22.16 21.64

22.16 21.64

22.16 21.64

22.16 21.73

22.16 21.73

22.16 21.82

22.16 21.90

22.16 21.90

22.16 21.99

22.16 22.08

22.16 22.16

22.16 22.16

22.16 22.25

22.16 22.34

22.08 22.34

22.08 22.42

22.08 22.51

22.08 22.60

22.08 22.60

22.08 22.68

22.08 22.77

22.08 22.86

21.99 22.86

21.99 22.94

21.99 23.03

21.99 23.12

21.99 23.21

21.99 23.21

21.99 23.29

21.99 23.38

21.73 23.47

21.47 23.47

21.30 23.64

21.21 23.64

21.21 23.64

21.13 23.73

21.13 23.82

21.04 23.90

21.04 23.90

21.04 23.99

21.04 24.08

21.04 24.08

21.04 24.17

21.04 24.25

21.04 24.25

20.95 24.34

20.95 24.43

21.04 24.52

20.95 24.52

20.95 24.60

20.95 24.69

20.95 24.69

20.95 24.78

20.95 24.87

20.95 24.87

20.95 24.96

20.95 25.04

20.87 25.13

20.87 25.13

20.95 25.22

20.87 25.22

20.87 25.31

20.87 25.40

20.87 25.40

20.78 25.48

20.78 25.57

20.78 25.57

20.78 25.66

20.69 25.66

20.69 25.75

20.69 25.84

20.61 25.84

20.61 25.93

20.61 25.93

20.61 26.02

20.52 26.10

20.52 26.10

20.52 26.10

20.43 26.19

20.43 26.28

20.43 26.37

20.43 26.37

20.35 26.46

20.35 26.46

20.35 26.55

20.35 26.55

20.35 26.64

20.26 26.64

20.26 26.73

20.26 26.82

20.26 26.82

20.26 26.91

20.18 26.91

20.18 26.99

20.18 26.99

20.18 27.08

20.09 27.08

20.09 27.17

20.09 27.26

20.09 27.26

20.09 27.35

20.09 27.35

20.09 27.44

20.00 27.35

20.00 27.44

20.00 27.53

19.92 27.62

20.00 27.62

20.00 27.71

19.92 27.71

19.92 27.80

19.92 27.80

19.83 27.80

19.83 27.89

19.83 27.89

19.75 27.98

19.75 27.89

19.75 28.07

19.75 28.07

19.66 28.16

19.66 28.16

19.66 28.16

19.66 28.25

19.66 28.34

19.75 28.34

19.75 28.34

19.75 28.43

19.66 28.43

19.66 28.43

19.66 28.52

19.66 28.52

19.57 28.61

19.57 28.61

19.57 28.61

19.57 28.71

19.49 28.71

19.49 28.80

19.49 28.80

19.40 28.80

19.40 28.89

19.40 28.89

19.40 28.89

19.32 28.98

19.32 28.98

19.32 28.98

19.32 29.07

19.32 29.07

19.32 29.07

19.23 29.16

19.23 29.16

19.23 29.25

19.14 29.25

19.14 29.25

19.14 29.34

19.14 29.34

19.14 29.34

19.14 29.43

19.06 29.43

19.06 29.43

19.06 29.43

19.06 29.53

18.97 29.53

18.97 29.53

18.97 29.62

18.88 29.62

18.88 29.62

18.88 29.71

18.88 29.71

18.88 29.71

18.80 29.80

18.80 29.80

18.80 29.80

18.80 29.89

18.80 29.89

18.80 29.89

18.71 29.89

18.71 29.99

18.71 29.99

18.71 29.99

18.71 30.08

18.63 30.08

18.63 30.08

18.63 30.17

18.63 30.17

18.54 30.17

18.54 30.17

18.54 30.26

18.54 30.26

18.54 30.26

18.45 30.35

18.45 30.35

18.45 30.35

18.45 30.45

18.45 30.45

18.37 30.45

18.37 30.45

18.37 30.45

18.37 30.54

18.37 30.54

18.28 30.63

18.28 30.63

18.28 30.63

18.28 30.63

18.20 30.72

18.20 30.72

18.20 30.72

18.20 30.72

18.20 30.82

18.11 30.82

18.11 30.82

18.11 30.82

18.11 30.82

18.11 30.91

18.02 30.91

18.02 30.91

18.02 30.91

18.02 30.91

18.02 31.00

18.02 31.00

18.02 31.00

17.94 31.10

17.94 31.10

17.94 31.10

17.94 31.10

17.85 31.10

17.85 31.19

17.85 31.19

17.85 31.19

17.85 31.19

17.77 31.19

17.77 31.19

17.77 31.28

17.77 31.28

17.77 31.28

17.68 31.38

17.68 31.38

17.68 31.38

17.68 31.38

17.68 31.38

17.59 31.38

17.59 31.47

17.59 31.47

17.59 31.47

17.59 31.47

17.59 31.47

17.51 31.56

17.51 31.56

17.51 31.56

17.51 31.56

17.51 31.56

17.51 31.66

17.51 31.66

17.42 31.66

17.42 31.75

17.42 31.75

17.42 31.75

17.42 31.75

17.34 31.75

17.34 31.75

17.34 31.85

17.34 31.75

17.34 31.85

17.34 31.85

17.25 31.85

17.25 31.85

17.25 31.94

17.25 31.94

17.25 31.94

17.25 31.94

17.25 31.94

17.16 31.94

17.16 32.03

17.16 32.03

17.16 32.03

17.16 32.03

17.08 32.03

17.08 32.13

17.08 32.13

17.08 32.13

16.99 32.13

16.99 32.13

16.99 32.13

16.99 32.13

16.99 32.13

16.99 32.22

16.99 32.22

16.90 32.22

16.90 32.22

16.90 32.22

16.90 32.22

16.90 32.32

16.90 32.32

16.90 32.32

16.82 32.32

16.82 32.32

16.82 32.32

16.82 32.41

16.82 32.41

16.73 32.41

16.73 32.41

16.73 32.41

16.73 32.41

16.73 32.41

16.73 32.51

16.73 32.51

16.73 32.51

16.65 32.51

16.65 32.51

16.65 32.51

16.56 32.51

16.65 32.60

16.65 32.51

16.65 32.60

16.65 32.60

16.56 32.60

16.56 32.60

16.56 32.60

16.56 32.60

16.56 32.70

16.56 32.70

16.47 32.60

16.47 32.70

16.47 32.70

16.47 32.70

16.47 32.70

16.47 32.79

16.39 32.79

16.39 32.79

16.39 32.79

16.39 32.79

16.39 32.79

16.39 32.79

16.39 32.79

16.39 32.89

16.30 32.89

16.30 32.89

16.30 32.89

16.30 32.89

16.30 32.89

16.30 32.89

16.22 32.89

16.22 32.89

16.22 32.98

16.22 32.98

16.22 32.98

16.22 32.98

16.22 32.98

16.22 32.98

16.13 32.98

16.13 33.08

16.13 33.08

16.13 32.98

16.13 33.08

16.13 33.08

16.13 33.08

16.13 33.08

16.04 33.08

16.04 33.08

16.04 33.08

16.04 33.08

16.04 33.08

16.04 33.08

16.04 33.08

16.04 33.18

16.04 33.18

15.96 33.18

15.96 33.18

15.96 33.18

15.96 33.18

15.96 33.18

15.96 33.18

15.96 33.27

15.87 33.18

15.87 33.27

15.87 33.27

15.87 33.27

15.87 33.27

15.87 33.27

15.87 33.27

15.87 33.27

15.78 33.27

15.78 33.27

15.78 33.27

15.78 33.37

15.78 33.37

15.78 33.37

15.78 33.37

15.78 33.37

15.70 33.37

15.70 33.37

15.70 33.37

15.70 33.37

15.70 33.37

15.70 33.37

15.70 33.46

15.70 33.37

