851.0
851.2
851.4
851.4
851.4
851.5
851.4
851.5
851.6
851.5
851.6
851.6
851.5
851.4
851.6
851.6
851.7
851.7
851.7
851.6
851.9
851.8
851.8
851.8
851.7
851.7
851.8
851.7
851.9
851.8
851.9
851.8
851.9
851.9
852.0
852.1
852.0
852.1
852.1
1.4
819.1
819.1
819.1
819.2
819.1
819.1
819.2
819.0
819.1
819.1
819.1
819.0
819.0
819.1
819.1
819.1
819.2
819.1
819.2
819.1
819.2
819.1
819.2
819.2
819.2
819.2
1.4
797.9
798.0
798.0
798.1
798.1
798.0
798.1
798.0
798.1
798.1
798.1
798.2
798.2
798.2
798.1
798.2
798.1
798.3
798.2
798.2
798.2
798.3
798.3
798.2
798.4
798.3
798.3
798.3
798.3
798.3
798.3
798.3
798.3
798.3
798.5
798.4
798.4
798.5
798.5
798.6
798.4
798.3
798.4
798.4
798.6
798.4
798.7
798.5
798.6
798.7
798.6
798.5
798.6
798.7
798.5
798.6
798.7
798.6
798.7
798.6
798.7
798.7
2.3
772.8
772.8
772.9
773.0
773.0
773.0
773.0
773.1
773.1
773.0
773.1
773.0
773.1
773.0
773.1
773.1
773.2
773.2
773.1
773.1
773.1
773.1
773.1
773.2
773.2
773.2
773.2
773.3
773.2
773.2
773.3
773.2
773.1
773.2
773.3
773.2
773.3
773.3
773.3
773.3
773.4
773.2
773.4
773.3
773.3
773.3
773.4
773.2
773.2
773.3
773.4
773.4
773.4
773.3
773.4
773.3
773.3
2.4
743.2
743.2
743.3
743.3
743.3
743.3
743.2
743.3
743.3
743.3
743.4
743.3
743.3
743.3
743.3
743.4
743.4
743.3
743.3
743.3
743.5
743.4
743.3
743.4
743.3
743.5
743.4
743.4
743.6
743.5
743.5
743.5
743.4
743.4
743.4
743.5
743.6
743.5
743.4
743.5
743.5
743.3
743.4
743.4
743.6
743.5
743.4
743.4
743.5
743.4
743.5
743.5
743.6
743.4
743.6
743.5
743.6
743.5
2.9
711.5
711.3
711.4
711.3
711.5
711.5
711.4
711.4
711.4
711.5
711.4
711.3
711.6
711.6
711.6
711.6
711.6
711.6
711.5
711.5
711.5
711.6
711.6
711.5
711.6
711.6
711.6
711.6
711.6
711.6
711.6
711.6
711.5
711.6
711.5
711.6
711.6
711.6
711.4
711.6
711.5
711.6
711.5
711.7
711.6
711.5
711.7
711.5
711.6
711.6
711.6
711.6
711.5
711.5
711.6
711.5
711.5
711.5
711.6
711.5
711.4
711.5
711.5
711.5
711.5
711.5
711.5
711.5
711.6
711.4
711.4
711.6
711.5
711.4
711.5
711.6
711.5
711.5
711.5
711.4
711.5
2.9
679.9
679.8
679.8
679.7
679.9
679.9
679.8
679.8
680.0
680.0
680.0
680.0
680.0
680.1
680.0
679.9
680.0
679.9
680.0
679.9
2.9
666.5
666.5
666.5
666.5
666.5
666.5
666.5
666.5
666.6
666.6
666.6
666.6
666.5
666.6
666.5
666.6
666.6
666.6
666.6
666.6
666.6
666.6
666.6
666.7
666.6
666.6
666.7
666.5
-1043.0
666.6
666.6
666.5
666.7
666.6
3.1
35.3
636.1
636.1
636.1
636.0
636.0
636.2
636.1
636.1
636.1
636.1
636.0
636.0
636.1
635.9
636.0
636.0
636.0
636.0
636.0
635.9
636.1
636.0
636.1
636.1
636.0
636.0
636.1
636.0
636.1
636.0
636.1
636.1
636.0
636.1
636.0
636.0
636.0
636.0
636.1
635.9
636.0
636.0
636.1
635.9
636.0
636.0
635.9
636.0
636.0
635.9
636.0
636.0
2.8
315.5
621.3
621.3
621.3
621.3
621.2
621.3
621.2
621.3
621.3
621.3
621.3
621.2
621.4
621.3
621.3
621.2
621.3
621.2
621.4
621.4
2.4
601.0
601.1
601.1
601.0
601.0
601.0
601.0
601.0
601.0
601.1
601.2
601.1
601.0
601.0
601.0
601.1
601.1
601.1
601.0
601.1
601.1
601.0
601.0
601.1
601.1
601.0
601.0
601.1
2.2
2.0
562.6
562.7
562.8
562.7
562.8
562.7
562.7
562.7
562.7
562.7
562.7
562.7
562.8
562.7
562.7
562.7
562.6
562.7
562.6
562.6
562.7
562.7
562.7
562.8
562.7
562.6
562.7
562.7
562.6
562.6
562.6
562.6
562.7
562.6
562.7
562.6
562.5
562.6
562.6
562.6
2.0
542.8
542.8
542.8
542.8
542.8
542.8
542.8
542.8
542.8
542.7
542.8
542.8
542.7
542.9
542.8
542.7
542.7
542.7
542.9
542.8
542.8
542.7
542.7
542.8
542.7
542.7
542.7
542.6
542.7
542.7
542.7
542.6
9.4
526.8
527.0
527.0
527.0
527.0
527.0
526.9
527.0
527.0
527.0
527.1
527.0
526.8
527.0
527.0
527.0
526.9
527.1
527.1
527.1
527.0
526.9
526.9
526.9
527.0
526.9
526.8
526.8
526.9
526.9
527.0
526.9
526.9
526.9
526.8
526.9
526.8
526.9
526.8
526.8
526.9
526.9
526.9
527.0
527.0
526.8
526.9
526.9
526.8
526.9
526.9
526.8
526.8
526.9
526.8
526.8
526.8
526.8
526.8
1.4
500.2
500.2
500.2
500.3
500.1
500.4
500.3
500.4
500.2
500.2
500.3
500.3
500.2
500.3
500.2
500.2
500.2
500.3
500.0
500.2
500.2
500.0
500.2
500.1
500.0
500.2
500.2
500.2
500.1
500.1
500.1
500.0
500.2
500.1
500.0
500.1
0.6
467.6
467.9
467.8
467.9
468.0
467.8
467.9
468.0
468.0
476.6
0.8
453.9
453.9
453.9
453.9
453.9
453.9
453.9
453.8
453.8
453.8
453.9
453.9
453.8
453.8
453.8
453.8
453.8
453.9
453.9
453.7
453.8
453.8
453.8
453.7
453.8
453.8
453.8
453.8
453.8
453.9
453.9
453.8
0.7
352.3
431.2
431.1
431.1
431.2
431.1
431.2
431.1
431.1
431.2
431.1
431.1
430.9
431.0
431.1
431.0
431.1
431.2
431.1
431.2
431.1
431.0
431.1
431.1
431.1
431.0
431.0
431.0
431.1
431.0
431.2
430.9
431.1
431.1
431.1
430.9
431.0
431.0
431.1
431.1
430.9
430.9
430.8
430.9
430.9
431.0
430.9
431.0
0.0
392.6
392.7
392.6
392.7
392.7
392.6
392.6
392.6
392.7
392.6
392.6
392.6
392.6
392.7
392.7
392.6
392.7
392.7
392.6
392.7
392.7
392.5
392.6
392.5
392.6
392.6
392.5
392.5
392.6
392.5
392.4
392.6
392.5
392.6
392.5
392.5
392.4
392.3
392.4
392.4
392.3
392.4
392.4
392.4
392.5
392.4
392.4
392.4
392.4
392.4
392.4
392.3
392.5
392.3
392.2
392.3
392.3
392.3
392.2
392.3
392.3
392.3
392.3
392.4
392.3
392.4
392.2
392.2
392.3
392.2
392.3
392.3
392.2
392.3
392.3
392.1
392.2
392.2
392.1
392.2
392.2
392.2
392.2
392.2
392.2
392.3
392.2
392.2
392.2
392.1
392.1
392.2
-0.1
346.6
346.7
346.7
346.7
346.5
346.5
346.6
346.6
346.5
346.6
346.6
346.5
346.5
346.5
346.5
346.4
346.5
346.5
346.5
346.4
346.5
346.6
346.6
346.4
346.6
346.5
346.6
346.5
346.4
346.4
346.5
346.4
346.4
346.4
346.3
346.4
346.5
346.3
346.4
346.4
346.4
346.3
346.4
346.4
346.4
346.4
346.3
346.4
346.4
346.2
346.3
346.2
346.3
346.3
346.3
346.3
346.2
346.2
346.3
346.1
346.2
346.3
346.2
346.4
346.1
346.3
346.2
346.3
346.1
346.1
346.3
346.3
346.1
346.2
346.2
346.3
346.1
346.1
346.1
346.0
346.1
346.2
346.1
346.1
346.1
346.1
346.1