18.02 18.28
18.02 18.28
18.02 18.28
.02 18.28
18.02 18.28
18.02 18.28
18.11 18.28
18.11 18.28
18.02 18.28
18.02 18.28
18.02 18.28
18.02 18.28
18.02 18.28
18.02 18.28
18.28 18.45
18.02 18.28
18.11 18.28
18.02 18.28
18.02 18.28
18.45 18.63
19.32 19.57
19.66 19.92
19.49 19.83
18.97 19.23
18.63 18.80
18.45 18.71
18.37 18.63
18.28 18.54
18.28 18.54
18.20 18.54
18.20 18.54
18.20 18.45
18.20 18.45
18.11 18.45
18.11 18.45
18.11 18.45
18.11 18.45
18.20 18.45
18.20 18.45
18.11 18.45
18.11 18.45
18.02 18.45
18.02 18.45
17.94 18.54
17.85 18.45
17.85 18.45
17.77 18.45
17.68 18.54
17.68 18.54
17.59 18.54
17.51 18.54
17.34 18.37
17.34 18.45
17.25 18.45
17.16 18.54
17.16 18.45
17.08 18.54
16.99 18.54
16.82 18.54
16.73 18.54
16.73 18.54
16.65 18.54
16.65 18.63
16.56 18.54
16.47 18.54
16.39 18.63
16.30 18.54
16.22 18.63
16.22 18.63
16.22 18.63
16.13 18.63
16.04 18.63
15.96 18.63
15.87 18.71
15.87 18.71
15.87 18.71
15.70 18.71
15.70 18.71
15.61 18.71
15.52 18.71
15.44 18.71
15.44 18.71
15.26 18.71
15.26 18.71
15.18 18.71
15.09 18.80
15.01 18.71
14.92 18.80
14.83 18.80
14.75 18.80
14.66 18.88
14.57 18.80
14.40 18.88
14.40 18.88
14.22 18.88
14.31 18.88
14.05 18.88
13.88 18.88
13.88 18.88
13.79 18.88
13.62 18.88
13.53 18.97
13.53 18.97
13.53 18.97
13.44 18.97
13.35 18.97
13.18 19.06
13.18 18.80
13.09 19.06
13.00 19.23
12.92 19.06
12.83 19.06
12.83 19.06
12.83 19.32
12.74 19.06
12.65 19.14
12.65 19.14
12.57 19.14
12.48 19.14
12.48 19.14
12.39 19.14
12.30 19.14
12.30 19.14
12.21 19.14
12.13 19.23
12.04 19.14
12.04 19.23
12.04 19.23
11.95 19.23
11.86 19.23
11.86 19.23
11.86 19.23
11.77 19.23
11.69 19.23
11.69 19.32
11.60 19.23
11.60 19.23
11.42 19.32
11.42 19.32
11.33 19.40
11.24 19.32
11.16 19.32
11.16 19.32
11.16 19.32
11.07 19.40
11.07 19.40
10.98 19.40
10.89 19.40
10.89 19.40
10.80 19.40
10.71 19.40
10.71 19.40
10.71 19.49
10.62 19.49
10.62 19.49
10.53 19.49
10.53 19.49
10.44 19.57
10.36 19.49
10.36 19.49
10.36 19.49
10.27 19.57
10.27 19.57
10.18 19.57
10.00 19.32
10.00 19.66
10.00 19.49
10.00 19.57
9.91 20.00
9.82 19.66
9.82 19.66
9.73 19.66
9.73 19.66
9.64 19.66
9.64 19.83
9.55 19.66
9.55 19.75
9.46 19.75
9.46 19.66
9.46 19.66
9.37 19.75
9.28 19.49
9.28 19.83
9.28 19.75
9.19 19.75
9.10 19.75
9.10 19.75
9.10 20.09
9.01 19.83
9.01 19.83
9.01 19.83
9.10 19.83
8.92 19.83
8.83 19.83
8.74 19.83
8.74 19.83
8.74 19.83
8.65 19.92
8.65 19.92
8.65 19.83
8.55 19.92
8.37 19.92
8.46 19.92
8.46 19.92
8.37 19.92
8.28 19.92
8.37 20.00
8.28 20.00
8.19 20.00
8.28 20.00
8.19 20.00
8.10 20.00
8.10 20.09
8.01 20.00
7.92 20.00
7.92 20.00
7.92 19.92
7.82 20.09
7.82 20.09
7.82 20.09
7.73 20.09
7.73 20.09
7.73 20.18
7.64 20.09
7.55 20.18
7.55 20.18
7.55 20.18
7.46 20.18
7.46 20.18
7.46 20.18
7.36 20.18
7.36 20.26
7.36 20.26
7.27 20.26
7.27 20.26
7.18 20.18
7.09 20.26
7.18 20.26
7.18 20.26
7.09 20.26
7.09 20.26
6.99 20.26
6.99 20.26
6.90 20.26
6.90 20.35
6.81 20.35
6.53 20.43
6.81 20.26
6.81 20.35
6.72 20.35
6.72 20.35
6.72 20.35
6.62 20.35
6.62 20.43
6.62 20.43
6.53 20.43
6.44 20.43
6.44 20.43
6.44 20.43
6.44 20.43
6.34 20.52
6.34 20.43
6.25 20.52
6.25 20.52
6.25 20.52
6.25 20.52
6.06 20.52
6.25 20.52
6.16 20.52
6.16 20.52
6.16 20.52
6.16 20.52
5.97 20.52
5.97 20.61
5.97 20.61
6.06 20.61
5.87 20.61
6.16 20.61
5.97 20.61
5.78 20.61
5.78 20.69
5.78 20.69
5.69 20.61
5.78 20.69
5.69 20.69
5.59 20.69
5.59 20.52
5.50 20.69
5.50 20.69
5.50 20.78
5.50 20.69
5.50 20.69
5.40 20.69
5.40 20.78
5.31 20.78
5.31 20.78
5.31 20.78
5.31 20.78
5.31 20.87
5.21 20.78
5.21 20.78
5.21 20.78
5.12 20.61
5.12 20.87
5.02 20.87
5.12 20.87
5.12 20.87
5.02 20.87
5.02 20.87
4.93 20.87
5.02 20.87
4.93 20.87
4.93 20.95
4.83 20.95
4.83 20.95
4.93 20.95
4.83 20.95
4.74 20.95
4.83 20.95
4.74 20.95
4.74 20.87
4.74 21.04
4.74 21.04
4.64 21.04
4.74 21.04
4.64 21.04
4.64 21.04
4.54 21.04
4.54 21.04
4.54 21.04
4.45 21.04
4.45 21.13
4.54 21.04
4.45 21.13
4.54 21.13
4.45 21.13
4.35 21.13
4.35 21.13
4.26 21.13
4.26 21.13
4.26 21.13
4.26 21.13
4.26 21.13
4.16 21.13
4.16 21.21
4.16 21.21
4.16 21.21
4.16 21.21
4.06 21.21
4.06 21.21
4.06 21.21
4.16 21.21
4.06 21.21
3.87 21.21
3.97 21.30
3.97 21.30
3.97 21.21
3.87 21.30
3.87 21.30
3.87 21.30
3.77 21.30
3.87 21.30
3.77 21.38
3.77 21.38
4.16 21.30
3.77 21.38
3.77 21.38
3.77 21.38
3.67 21.38
3.67 21.38
3.67 21.38
3.58 21.38
3.58 21.38
3.58 21.38
3.48 21.38
3.58 21.38
3.58 21.47
3.58 21.47
3.48 21.47
3.48 21.56
3.48 21.56
3.38 21.47
3.38 21.56
3.67 21.56
3.38 21.56
3.38 21.56
3.38 21.56
3.28 21.47
3.58 21.56
3.28 21.56
3.28 21.56
3.28 21.56
3.28 21.56
3.19 21.56
3.19 21.56
3.19 21.56
3.19 21.64
3.09 21.56
3.09 21.64
3.09 21.64
3.09 21.64
2.99 21.64
3.09 21.64
3.09 21.73