17.77 17.94
17.77 17.94
17.77 17.94
17.77 17.94
17.85 17.94
17.77 17.94
17.77 18.02
17.85 18.02
17.85 18.02
17.85 18.02
17.77 18.02
17.85 18.02
17.85 18.02
17.85 18.02
17.85 18.02
17.85 18.02
17.85 18.02
17.77 18.11
17.85 18.02
17.94 18.11
17.85 18.11
17.85 18.20
17.85 18.20
17.85 18.20
17.77 18.11
17.68 20.35
17.85 20.18
17.85 20.95
17.59 18.28
17.42 18.97
17.25 18.97
17.25 18.28
17.16 18.54
17.16 18.54
17.08 18.28
17.08 18.28
17.08 18.63
16.99 19.14
16.99 18.20
16.99 18.37
16.90 18.54
16.90 18.54
16.82 18.54
16.73 18.63
16.65 18.71
16.65 20.09
16.56 18.97
16.47 18.54
16.47 19.75
16.39 19.92
16.30 18.54
16.30 18.63
16.22 18.54
16.30 18.63
16.22 18.71
16.13 18.80
16.13 18.71
16.04 18.54
16.04 18.45
15.96 18.37
15.96 18.37
15.87 18.37
15.87 18.45
15.87 18.54
15.78 18.54
15.78 18.71
15.70 18.54
15.61 18.80
15.61 21.38
15.61 20.61
15.52 20.61
15.44 21.47
15.52 20.52
15.44 19.14
15.35 18.88
15.26 18.80
15.26 18.71
15.18 18.63
15.18 18.63
15.18 18.63
15.09 18.63
15.09 18.63
15.01 18.54
14.92 18.54
14.92 18.54
14.83 18.54
14.83 18.54
14.75 18.54
14.75 18.54
14.75 18.54
14.66 18.54
14.57 18.54
14.57 18.45
14.57 18.45
14.57 18.45
14.48 18.45
14.40 18.54
14.40 18.45
14.31 18.54
14.31 18.45
14.31 18.45
14.22 18.54
14.22 18.54
14.14 18.54
14.14 18.54
14.14 18.54
14.05 18.54
14.05 18.54
13.96 18.54
13.96 18.54
13.88 18.54
13.88 18.54
13.88 18.63
13.79 18.63
13.79 18.63
13.79 18.63
13.70 18.63
13.79 18.63
13.70 18.71
13.62 18.63
13.62 18.71
13.62 18.71
13.53 18.71
13.53 18.71
13.53 18.71
13.44 18.71
13.44 18.71
13.35 18.71
13.35 18.71
13.35 18.71
13.27 18.71
13.18 18.80
13.18 18.71
13.18 18.71
13.18 18.80
13.09 18.71
13.09 18.80
13.00 18.80
13.00 18.80
12.92 18.88
12.92 18.88
12.92 18.88
12.83 18.80
12.83 18.80
12.74 18.88
12.74 18.88
12.74 18.88
12.65 18.88
12.65 18.88
12.65 18.88
12.57 18.88
12.57 18.80
12.57 18.88
12.48 18.88
12.48 18.88
12.39 18.88
12.39 18.88
12.39 18.88
12.30 18.88
12.30 18.88
12.30 18.88
12.30 18.88
12.21 18.97
12.21 18.88
12.21 18.88
12.21 18.88
12.13 18.88
12.04 18.97
12.04 18.97
12.04 18.97
11.95 18.97
11.95 18.97
11.95 18.97
11.95 18.88
11.86 18.97
11.86 18.97
11.77 18.97
11.86 18.97
11.77 18.97
11.77 18.97
11.69 18.97
11.69 18.97
11.69 19.06
11.60 18.97
11.60 19.06
11.60 18.97
11.51 18.97
11.51 18.97
11.51 18.97
11.51 19.06
11.51 19.06
11.42 19.06
11.42 19.06
11.42 19.06
11.42 18.97
11.33 19.06
11.33 19.06
11.24 19.06
11.24 19.06
11.24 19.06
11.24 19.06
11.24 19.06
11.16 19.06
11.16 19.06
11.16 19.06
11.07 19.06
11.16 19.06
10.98 19.06
10.98 19.14
10.98 19.06
10.98 19.14
10.98 19.14
10.98 19.14
10.89 19.14
10.89 19.14
10.89 19.14
10.80 19.14
10.80 19.14
10.80 19.14
10.80 19.14
10.71 19.14
10.71 19.14
10.62 19.14
10.71 19.14
10.62 19.14
10.71 19.14
10.53 19.14
10.62 19.14
10.53 19.14
10.53 19.14
10.53 19.14
10.53 19.14
10.44 19.14
10.44 19.23
10.44 19.23
10.36 19.23
10.36 19.23
10.36 19.14
10.36 19.23
10.36 19.23
10.27 19.23
10.27 19.23
10.27 19.23
10.18 19.23
10.18 19.23
10.18 19.23
10.18 19.23
10.09 19.23
10.18 19.23
10.09 19.23
10.09 19.32
10.09 19.23
10.00 19.32
10.00 19.23
10.00 19.23
10.00 19.23
10.00 19.23
9.91 19.32
9.91 19.32
9.91 19.32
9.91 19.32
9.91 19.23
9.82 19.32
9.82 19.32
9.82 19.32
9.82 19.32
9.82 19.32
9.73 19.32
9.73 19.32
9.73 19.32
9.73 19.32
9.73 19.32
9.64 19.32
9.73 19.32
9.64 19.32
9.64 19.32
9.55 19.32
9.55 19.32
9.55 19.32
9.55 19.32
9.46 19.40
9.46 19.32
9.46 19.32
9.55 19.32
9.46 19.40
9.46 19.40
9.46 19.40
9.37 19.40
9.37 19.40
9.37 19.40
9.37 19.32
9.37 19.40
9.37 19.40
9.37 19.40
9.28 19.40
9.28 19.40
9.28 19.40
9.28 19.40
9.28 19.40
9.19 19.40
9.28 19.40
9.19 19.40
9.19 19.40
9.19 19.40
9.10 19.40
9.10 19.49
9.10 19.40
9.10 19.40
9.10 19.40
9.10 19.40
9.10 19.40
9.01 19.40
9.01 19.40
9.01 19.40
8.92 19.49
8.92 19.40
8.92 19.40
9.01 19.49
8.92 19.40
8.92 19.40
8.92 19.49
8.92 19.49
8.83 19.49
8.92 19.40
8.83 19.49
8.83 19.49
8.83 19.49
8.83 19.49
8.83 19.49
8.74 19.49
8.74 19.49
8.74 19.57
8.74 19.57
8.74 19.49
8.65 19.49
8.65 19.49
8.65 19.57
8.65 19.57
8.65 19.49
8.65 19.57
8.65 19.57
8.65 19.57
8.55 19.57
8.55 19.57
8.55 19.57
8.55 19.57
8.55 19.57
8.46 19.57
8.46 19.57
8.46 19.57
8.46 19.57
8.46 19.57
8.46 19.57
8.46 19.57
8.37 19.57
8.37 19.57
8.37 19.57
8.37 19.57
8.37 19.57
8.37 19.57
8.37 19.57
8.37 19.57
8.28 19.57
8.28 19.57
8.28 19.57
8.28 19.57
8.28 19.57
8.19 19.57
8.28 19.57
8.28 19.57
8.19 19.57
8.19 19.57
8.19 19.57
8.19 19.57
8.10 19.57
8.19 19.57
8.19 19.57
8.19 19.57
8.28 19.57
8.28 19.57
8.28 19.57
8.37 19.57
8.37 19.57
8.46 19.57
8.46 19.57