19.75 21.56
19.75 21.56
19.75 21.56
19.75 21.56
19.75 21.56
19.75 21.56
19.75 21.56
19.75 21.56
19.75 21.47
19.75 21.56
19.75 21.56
19.75 21.56
19.75 21.56
19.75 21.56
19.75 21.47
19.75 21.47
19.75 21.56
19.75 21.47
19.75 21.47
19.75 21.47
19.66 21.47
19.66 21.56
19.57 21.47
19.57 21.47
19.49 21.56
19.40 21.56
19.40 21.56
19.32 21.47
19.23 21.56
19.14 21.56
19.14 21.64
19.06 21.56
18.97 21.64
18.97 21.56
18.88 21.64
18.80 21.64
18.71 21.64
18.63 21.64
18.63 21.73
18.63 21.73
18.54 21.82
18.45 21.73
18.45 21.90
18.37 21.82
18.28 21.90
18.20 21.82
18.20 21.90
18.11 21.90
18.11 21.90
18.02 21.90
18.02 21.99
17.94 21.99
17.94 21.99
17.85 21.99
17.77 21.99
17.77 21.99
17.68 22.08
17.59 22.16
17.59 22.08
17.59 22.08
17.42 22.16
17.51 22.16
17.42 22.16
17.34 22.16
17.34 22.25
17.25 22.25
17.16 22.25
17.16 22.34
17.16 22.25
17.08 22.34
17.08 22.34
16.99 22.34
16.99 22.34
16.90 22.34
16.82 22.42
16.82 22.42
16.73 22.42
16.73 22.42
16.65 22.42
16.65 22.51
16.56 22.51
16.56 22.51
16.47 22.51
16.47 22.51
16.39 22.51
16.30 22.60
16.30 22.60
16.22 22.60
16.22 22.68
16.13 22.68
16.04 22.68
16.04 22.68
16.04 22.68
16.04 22.68
15.96 22.77
15.87 22.77
15.78 22.86
15.78 22.86
15.78 22.86
15.70 22.86
15.70 22.86
15.61 22.94
15.52 22.94
15.52 22.94
15.52 22.94
15.44 22.94
15.35 23.03
15.35 23.03
15.26 23.03
15.26 23.03
15.26 23.03
15.18 23.12
15.09 23.12
15.09 23.12
15.09 23.12
15.01 23.21
15.01 23.21
15.01 23.21
14.92 23.21
14.92 23.29
14.83 23.29
14.92 23.29
14.75 23.29
14.66 23.29
14.66 23.38
14.66 23.29
14.57 23.29
14.57 23.38
14.48 23.38
14.48 23.47
14.40 23.47
14.40 23.47
14.40 23.47
14.31 23.47
14.22 23.55
14.22 23.55
14.14 23.55
14.14 23.64
14.14 23.64
14.05 23.55
14.05 23.64
13.88 23.73
13.96 23.64
13.96 23.73
13.88 23.73
13.88 23.73
13.79 23.82
13.79 23.82
13.70 23.82
13.70 23.82
13.62 23.82
13.62 23.90
13.53 23.90
13.53 23.90
13.53 23.99
13.44 23.90
13.44 23.99
13.35 23.99
13.35 23.99
13.35 23.99
13.27 24.08
13.27 24.25
13.18 24.08
13.18 24.08
13.18 24.17
13.09 24.17
13.09 24.17
13.00 24.25
13.00 24.17
12.92 24.25
12.92 24.25
12.92 24.25
12.83 24.25
12.83 24.25
12.83 24.34
12.74 24.34
12.74 24.34
12.65 24.34
12.65 24.43
12.57 24.43
12.57 24.43
12.57 24.43
12.48 24.43
12.48 24.52
12.48 24.52
12.39 24.52
12.39 24.52
12.30 24.52
12.30 24.60
12.30 24.60
12.30 24.60
12.21 24.60
12.21 24.60
12.21 24.69
12.13 24.69
12.04 24.69
12.04 24.69
12.04 24.69
11.95 24.78
11.95 24.78
11.86 24.78
11.86 24.78
11.86 24.78
11.86 24.87
11.77 24.87
11.77 24.87
11.69 24.87
11.69 24.87
11.69 24.96
11.60 24.96
11.60 25.04
11.60 24.87
11.60 25.04
11.51 25.04
11.42 25.04
11.42 25.04
11.42 25.04
11.42 25.04
11.33 25.04
11.33 25.13
11.24 25.13
11.24 25.13
11.16 25.22
11.24 25.22
11.16 25.22
11.16 25.31
11.16 25.31
11.07 25.31
11.07 25.31
10.98 25.40
10.98 25.40
10.98 25.40
10.98 25.40
10.71 25.40
10.89 25.48
10.80 25.48
10.80 25.48
10.71 25.48
10.71 25.48
10.71 25.57
10.71 25.57
10.62 25.57
10.62 25.57
10.62 25.57
10.53 25.66
10.53 25.66
10.53 25.66
10.53 25.66
10.44 25.66
10.44 25.75
10.44 25.75
10.36 25.75
10.36 25.75
10.44 25.84
10.27 25.84
10.27 25.84
10.18 25.84
10.18 25.84
10.18 25.84
10.18 25.84
10.18 25.84
10.09 25.93
10.09 25.93