21.30 21.38
21.30 21.47
21.30 21.47
21.30 21.38
21.13 21.38
21.30 21.38
21.30 21.38
21.30 21.38
21.30 21.38
21.21 21.38
21.30 21.47
21.21 21.38
21.21 21.38
21.30 21.38
21.30 21.38
21.30 21.38
21.30 21.38
21.30 21.38
21.30 21.38
21.30 21.38
21.21 21.56
21.21 21.38
21.30 21.38
21.30 21.38
21.30 21.38
21.21 21.38
21.30 21.38
21.21 21.38
21.13 21.38
21.13 21.38
21.04 21.38
21.04 21.38
20.95 21.38
20.87 21.47
20.78 21.38
20.69 21.47
20.61 21.47
20.52 21.47
20.52 21.47
20.43 21.56
20.35 21.56
20.26 21.64
20.18 21.64
20.09 21.64
20.09 21.73
20.00 21.73
20.00 21.82
19.92 21.82
19.92 21.90
19.83 21.99
19.75 21.99
19.66 21.99
19.66 22.08
19.57 22.08
19.75 22.16
19.49 22.16
19.49 22.25
19.40 22.25
19.32 22.34
19.32 22.34
19.23 22.42
19.23 22.42
19.14 22.51
19.14 22.51
19.06 22.60
19.06 22.68
19.06 22.60
18.97 22.68
18.88 22.68
18.88 22.77
18.80 22.86
18.71 22.86
18.71 22.94
18.63 22.94
18.63 23.03
18.63 23.03
18.54 23.12
18.54 23.12
18.45 23.21
18.37 23.29
18.37 23.29
18.28 23.29
18.28 23.38
18.28 23.38
18.20 23.47
18.20 23.47
18.11 23.55
18.11 23.55
18.20 23.64
18.02 23.64
17.94 23.73
17.94 23.73
17.85 23.82
17.85 23.82
17.85 23.90
17.77 23.90
17.77 23.99
17.68 23.99
17.68 24.08
17.59 24.08
17.68 24.17
17.59 24.17
17.51 24.25
17.42 24.25
17.42 24.34
17.42 24.34
17.34 24.43
17.34 24.43
17.25 24.52
17.25 24.52
17.16 24.60
17.16 24.60
17.16 24.60
17.16 24.78
17.08 24.78
16.99 24.78
16.99 24.69
16.90 24.87
16.90 24.87
16.90 24.96
16.82 24.96
16.82 25.04
16.82 25.04
16.82 25.13
16.73 25.13
16.73 25.22
16.65 25.22
16.65 25.31
16.56 25.31
16.56 25.40
16.56 25.40
16.47 25.48
16.56 25.48
16.47 25.57
16.39 25.66
16.39 25.66
16.39 25.66
16.39 25.75
16.30 25.84
16.22 25.84
16.22 26.02
16.22 25.93
16.22 26.02
16.13 26.02
16.13 26.10
16.13 26.10
16.04 26.10
16.04 26.28
16.04 26.28
15.96 26.28
15.96 26.37
16.04 26.37
15.96 26.46
15.87 26.46
15.87 26.55
15.78 26.55
15.78 26.64
15.70 26.64
15.70 26.73
15.70 26.82
15.70 26.82
15.61 26.82
15.61 26.91
15.61 26.91
15.61 26.99
15.61 26.99
15.52 27.08
15.52 27.08
15.52 27.17
15.44 27.17
15.44 27.26
15.44 27.35
15.35 27.35
15.35 27.44
15.35 27.44
15.26 27.53
15.26 27.53
15.26 27.62
15.26 27.62
15.26 27.71
15.26 27.71
15.18 27.80
15.09 27.80
15.18 27.80
15.09 27.89
15.09 27.89
15.09 27.98
15.01 27.98
15.01 28.07
15.01 28.16
15.01 28.16
14.92 28.25
14.92 28.34
14.92 28.25
14.92 28.34
14.83 28.34
14.83 28.43
14.83 28.43
14.83 28.52
14.75 28.61
14.83 28.61
14.75 28.61
14.75 28.71
14.66 28.80
14.66 28.80
14.66 28.89
14.57 28.89
14.57 28.98
14.57 28.98
14.57 29.07
14.48 29.07
14.48 29.16
14.48 29.16
14.48 29.25
14.40 29.25
14.40 29.25
14.40 29.34
14.40 29.43
14.40 29.43
14.31 29.53
14.31 29.53
14.31 29.62
14.31 29.62
14.31 29.62
14.22 29.71
14.22 29.71
14.22 29.71
14.22 29.80
14.22 29.80
14.22 29.89
14.22 29.99
14.22 29.99
14.14 29.99
14.14 30.08
14.05 30.17
14.14 30.17
14.05 30.26
14.05 30.35
14.05 30.35
13.96 30.45
13.96 30.45
13.96 30.54
13.96 30.54
13.96 30.63
13.96 30.63
13.88 30.72
13.88 30.72
13.88 30.82
13.88 30.82
13.88 30.91
13.88 30.91
13.88 30.91
13.79 31.00
13.79 31.00
13.79 31.10
13.79 31.10
13.79 31.19
13.79 31.10
13.79 31.19
13.70 31.10
13.70 31.10
13.70 31.19
13.70 31.28
13.70 31.28
13.70 31.38
13.70 31.47
13.62 31.47
13.70 31.56
13.62 31.56
13.62 31.66
13.62 31.75
13.62 31.75
13.53 31.85
13.53 31.85
13.62 31.94
13.53 31.94
13.53 32.03
13.53 32.03
13.44 32.13
13.44 32.13
13.53 32.22
13.44 32.22
13.44 32.22
13.44 32.32
13.44 32.41
13.44 32.32
13.44 32.41
13.35 32.41
13.44 32.51
13.35 32.51
13.44 32.60
13.44 32.60
13.35 32.70
13.44 32.70
13.35 32.79
13.35 32.79
13.27 32.79
13.27 32.89
13.27 32.98
13.27 33.08
13.27 33.08
13.27 33.18
13.27 33.18
13.27 33.27
13.18 33.27
13.18 33.27
13.18 33.37
13.18 33.37
13.18 33.46
13.18 33.46
13.18 33.56
13.09 33.56
13.09 33.56
13.09 33.66
13.09 33.66
13.09 33.75
13.09 33.75
13.09 33.85
13.09 33.85
13.09 33.85
13.00 33.95
13.00 34.04
13.00 34.04
13.00 34.14
13.00 34.14
13.00 34.14
13.00 34.24
13.00 34.24
12.92 34.33
12.92 34.33
12.92 34.43
13.00 34.43
12.92 34.53
12.92 34.53
12.92 34.63
12.92 34.63
12.92 34.63
12.92 34.63
12.83 34.73
12.92 34.73
12.83 34.82
12.83 34.82
12.83 34.92
12.83 34.92
12.83 35.02
12.83 35.02
12.83 35.12
12.83 35.12
12.83 35.22
12.83 35.22
12.83 35.32
12.74 35.32
12.74 35.32
12.74 35.42
12.74 35.42
12.74 35.51
12.83 35.51
12.74 35.61
12.74 35.61
12.74 35.71
12.74 35.71
12.74 35.81
12.74 35.91
12.65 35.81
12.74 35.91
12.65 36.01
12.65 36.01
12.57 36.01
12.74 36.11
12.65 36.11
12.65 36.21
12.65 36.21
12.65 36.31
12.65 36.31
12.65 36.31
12.65 36.41
12.65 36.51
12.65 36.51
12.65 36.51
12.65 36.62
12.57 36.62
12.65 36.62
12.57 36.72
12.65 36.72
12.57 36.82
12.57 36.82
12.65 36.92
12.57 36.92
12.65 37.02
12.65 37.02
12.57 37.02
12.57 37.12
12.65 37.12
12.57 37.12
12.57 37.22
12.57 37.22
12.57 37.33
12.65 37.33
12.57 37.43
12.57 37.43
12.57 37.43
12.65 37.53
12.57 37.63
12.65 37.63
12.65 37.63
12.65 37.74
12.74 37.74
12.74 37.74