18.11 18.28
18.02 18.28
18.02 18.28
18.11 18.28
18.02 18.28
18.02 18.28
18.11 18.28
18.11 18.28
18.02 18.28
18.02 18.28
18.02 18.28
18.11 18.28
18.11 18.28
18.02 18.28
18.02 18.28
18.11 18.28
18.02 18.28
18.11 18.28
18.11 18.28
18.11 17.77
18.02 17.68
18.11 17.59
18.02 17.51
18.02 17.51
18.02 17.51
18.11 17.51
18.02 17.42
18.11 17.42
18.02 17.42
18.02 17.42
18.02 17.42
18.02 17.42
18.02 17.42
18.11 17.42
18.02 17.42
18.02 17.42
18.02 17.42
18.02 17.42
18.02 17.42
18.02 17.42
18.02 17.59
17.94 17.59
17.85 17.68
17.85 17.85
17.77 18.02
17.77 18.11
17.59 18.20
17.59 18.37
17.51 18.37
17.42 18.54
17.34 18.54
17.34 18.54
17.34 18.63
17.16 18.71
17.16 18.71
17.08 18.88
16.99 18.88
16.90 18.88
16.82 18.80
16.82 18.80
16.73 18.71
16.65 18.80
16.65 18.80
16.56 18.80
16.47 18.88
16.39 18.80
16.30 18.80
16.22 18.88
16.22 18.88
16.13 18.88
16.13 18.88
16.04 18.88
16.04 18.80
15.96 18.80
15.87 18.88
15.78 18.88
15.78 19.06
15.70 18.97
15.70 19.06
15.61 18.97
15.52 18.97
15.44 18.88
15.35 18.88
15.35 18.97
15.26 18.97
15.26 18.88
15.18 18.88
15.01 18.97
15.01 18.88
14.92 18.97
14.92 18.88
14.83 18.80
14.83 18.45
14.75 18.28
14.66 18.20
14.66 18.28
14.57 18.28
14.57 18.37
14.48 18.37
14.48 18.37
14.40 18.54
14.31 18.54
14.22 18.45
14.14 18.54
14.05 18.54
14.05 18.54
14.05 18.54
13.96 18.54
13.88 18.54
13.79 18.63
13.79 18.71
13.70 18.63
13.70 18.63
13.62 18.63
13.53 18.71
13.53 18.63
13.44 18.71
13.44 18.63
13.35 18.63
13.35 18.63
13.27 18.63
13.18 18.63
13.09 18.63
13.09 18.71
13.00 18.71
13.00 18.71
12.92 18.71
12.92 18.71
12.83 18.63
12.83 18.71
12.74 18.80
12.65 18.71
12.65 18.71
12.57 18.63
12.57 18.71
12.57 18.63
12.48 18.63
12.39 18.63
12.30 18.63
12.30 18.71
12.30 18.88
12.21 18.97
12.13 18.97
12.13 18.88
12.04 18.71
12.04 18.71
11.95 18.71
11.86 18.71
11.86 18.71
11.77 18.71
11.77 18.71
11.77 18.71
11.69 18.88
11.60 18.80
11.60 18.80
11.51 18.71
11.42 18.71
11.42 18.71
11.42 18.80
11.33 18.71
11.24 18.80
11.24 18.80
11.24 18.80
11.16 18.80
11.16 18.80
11.16 18.71
11.07 18.80
10.98 18.80
10.89 18.80
10.80 18.80
10.80 18.88
10.71 18.88
10.71 18.88
10.62 18.80
10.62 18.80
10.62 18.71
10.53 18.71
10.53 18.97
10.44 18.88
10.36 18.80
10.36 18.80
10.36 18.80
10.36 18.80
10.27 18.80
10.27 18.80
10.09 18.80
10.09 18.88
10.09 18.88
10.00 18.88
10.00 18.80
9.91 18.80
9.82 18.80
9.82 18.88
9.82 18.88
9.82 18.80
9.73 18.71
9.64 18.80
9.64 18.80
9.64 18.80
9.55 18.80
9.46 18.88
9.46 18.88
9.37 18.88
9.37 19.06
9.37 18.97
9.28 18.88
9.19 18.80
9.28 18.80
9.10 18.88
9.10 18.88
9.10 18.88
9.01 18.88
9.01 18.80
8.92 18.88
9.01 18.88
8.92 18.88
8.83 18.97
8.83 18.88
8.83 18.88
8.83 18.88
8.74 18.97
8.65 18.88
8.55 18.97
8.55 18.88
8.55 18.88
8.46 18.88
8.46 18.88
8.46 18.97
8.37 19.06
8.37 19.06
8.28 18.97
8.28 18.88
8.10 18.97
8.19 18.97
8.19 18.97
8.10 18.97
8.10 18.88
8.01 18.88
8.01 18.97
7.92 19.06
7.92 18.88
7.82 18.80
7.82 18.88
7.82 18.88
7.73 18.88
7.64 18.97
7.64 18.97
7.64 18.97
7.55 18.97
7.55 18.97
7.46 18.88
7.55 18.88
7.46 18.80
7.36 18.97
7.36 18.97
7.36 18.97
7.27 18.88
7.27 18.88
7.18 18.88
7.18 18.88
7.18 18.88
7.09 18.88
7.09 18.88
7.09 18.88
6.99 18.88
6.99 18.88
6.90 18.88
6.81 18.80
6.72 18.88
6.81 18.80
6.72 18.88
6.72 18.88
6.72 18.80
6.62 18.88
6.53 18.88
6.53 18.88
6.53 18.97
6.44 18.88
6.53 18.97
6.44 18.97
6.44 18.88
6.34 18.80
6.34 18.88
6.34 18.88
6.25 18.80
6.25 18.80
6.25 18.88
6.25 18.88
6.16 18.88
6.16 18.80
5.97 18.88
5.97 18.88
5.97 18.88
5.97 18.97
5.87 18.88
5.87 18.80
5.87 18.88
5.78 18.88
5.78 18.88
5.78 18.88
5.69 18.88
5.59 18.80
5.69 18.80
5.59 18.80
5.69 18.80
5.59 18.80
5.50 18.80
5.40 18.80
5.50 18.71
5.40 18.71
5.40 18.71
5.40 18.80
5.40 18.71
5.31 18.71
5.31 18.71
5.21 18.80
5.31 18.80
5.21 18.71
5.12 18.80
5.12 18.71
5.02 18.71
5.12 18.71
4.93 18.71
5.02 18.63
5.02 18.54
4.93 18.54
4.93 18.54
4.83 18.54
4.74 18.71
4.83 18.63
4.74 18.54
4.74 18.54
4.64 18.54
4.64 18.63
4.64 18.54
4.54 18.54
4.54 18.45
4.54 18.54
4.54 18.45
4.54 18.45
4.45 18.45
4.35 18.54
4.26 18.45
4.35 18.45
4.26 18.28
4.26 18.20
4.26 18.20
4.26 18.20
4.16 18.20
4.16 18.20
4.16 18.20
4.06 18.20
4.06 18.11
3.97 18.20
3.97 18.11
3.97 18.20
3.87 18.11
3.77 18.11
3.87 18.20
3.77 18.11
3.77 18.20
3.77 18.11
3.67 18.11
3.67 18.11
3.67 18.11
3.67 18.11
3.58 18.20
3.58 18.11
3.58 18.11
3.48 18.11
3.48 18.11
3.38 18.11
3.38 18.11
3.38 18.11
3.28 18.11
3.28 18.11
3.28 18.11
3.19 18.11
3.09 18.11
3.19 18.11
3.09 18.11
3.09 18.11
3.09 18.11
2.99 18.11
3.09 18.11
2.89 18.20
2.99 18.11
2.89 18.11
2.89 18.20
2.89 18.11
2.89 18.11
2.79 18.11
2.79 18.11
2.69 18.11
2.69 18.11
2.69 18.11
2.69 18.11
2.59 18.11
2.59 18.11
2.49 18.11
2.49 18.11
2.49 18.11
2.39 18.11
2.39 18.11
2.39 18.11
2.39 18.11
2.29 18.11
2.29 18.11
2.19 18.11
2.19 18.11
2.19 18.11
2.09 18.02
2.09 18.11
2.09 18.11
1.99 18.11
2.09 18.11
1.99 18.11
1.99 18.11
1.99 18.11
1.99 18.11
1.89 18.11
1.89 18.11
1.89 18.11
1.79 18.11
1.79 18.11
1.79 18.11
1.79 18.11
1.69 18.11
1.69 18.20
1.69 18.11
1.69 18.11
1.59 18.11
1.59 18.11
1.59 18.11
1.59 18.11
1.49 18.11
1.49 18.11
1.49 18.11
1.59 18.11
1.49 18.11
1.39 18.02
1.39 18.02
1.39 18.02
1.39 18.02
1.29 18.11
1.29 18.11
1.18 18.20
1.29 18.11
1.18 18.20
1.08 18.80
1.08 19.40
1.18 19.75
1.08 20.00
1.08 20.43
1.08 21.13
0.98 21.82
0.98 22.51
0.98 23.12
0.98 23.55
1.08 23.82
0.98 23.99
1.08 24.08
1.18 24.08
1.18 23.99
1.29 23.90
1.29 23.82
1.29 23.64
1.29 23.38
1.39 23.21
1.39 23.03
1.39 22.77
1.39 22.51
1.49 22.25
1.49 21.99