18.80 18.02
18.80 18.02
18.80 18.02
18.80 18.02
18.80 17.94
18.80 17.94
18.80 17.85
18.80 17.85
18.71 17.85
18.71 17.85
18.71 17.85
18.71 17.85
18.80 17.85
18.71 17.85
18.80 17.77
18.71 17.77
18.71 17.77
18.71 17.85
18.63 17.77
18.71 17.77
18.71 17.77
18.71 17.85
18.63 17.85
18.71 17.77
18.71 17.85
18.71 17.85
18.71 17.77
18.71 17.85
18.71 17.85
18.71 17.85
18.71 17.77
18.71 17.77
18.63 17.85
18.63 17.77
18.71 17.77
18.63 17.77
18.63 17.85
18.63 17.94
18.54 18.20
18.54 18.28
18.45 18.37
18.37 18.54
18.28 18.63
18.20 18.80
18.11 18.88
18.11 18.88
18.02 18.97
17.94 19.06
17.85 19.14
17.85 19.14
17.77 19.23
17.59 19.23
17.51 19.23
17.42 19.32
17.42 19.32
17.34 19.32
17.34 19.32
17.16 19.32
17.16 19.32
17.08 19.40
16.90 19.40
16.90 19.49
16.82 19.49
16.73 19.49
16.73 19.49
16.65 19.40
16.56 19.40
16.56 19.49
16.39 19.49
16.30 19.49
16.30 19.49
16.22 19.49
16.13 19.49
16.04 19.57
15.96 19.49
15.87 19.49
15.87 19.49
15.78 19.57
15.78 19.66
15.70 19.49
15.70 19.49
15.61 19.66
15.44 19.57
15.44 19.57
15.35 19.57
15.35 19.57
15.26 19.49
15.18 19.57
15.09 19.57
15.09 19.66
14.92 19.66
14.92 19.57
14.83 19.57
14.83 19.57
14.66 19.57
14.66 19.49
14.57 19.66
14.57 19.75
14.40 19.57
14.40 19.66
14.40 19.66
14.31 19.66
14.22 19.57
14.14 19.49
14.14 19.57
13.96 19.57
13.96 19.49
13.88 19.57
13.88 19.49
13.88 19.49
13.70 19.57
13.62 19.49
13.62 19.49
13.53 19.49
13.35 19.40
13.35 19.40
13.35 19.23
13.53 19.14
13.18 19.23
13.18 19.23
13.18 19.23
13.00 19.23
13.00 19.32
12.92 19.23
12.83 19.23
12.83 19.32
12.74 19.32
12.74 19.14
12.65 19.23
12.57 19.23
12.48 19.32
12.48 19.23
12.30 19.23
12.39 19.14
12.30 19.23
12.21 19.14
12.13 19.23
12.13 19.14
12.04 19.14
11.95 19.14
11.95 19.06
11.86 19.23
11.77 19.23
11.77 19.14
11.69 19.14
11.60 19.14
11.60 19.14
11.60 19.14
11.42 19.14
11.33 19.14
11.24 19.14
11.24 19.14
11.24 19.14
11.16 19.06
11.16 19.14
11.07 19.06
10.98 19.14
10.89 19.14
10.80 19.14
10.80 19.14
10.80 19.06
10.71 19.06
10.62 19.06
10.62 19.14
10.53 19.23
10.44 19.23
10.44 19.14
10.36 19.23
10.36 19.23
10.27 19.23
10.18 19.23
10.18 19.32
10.09 19.23
10.00 19.14
10.00 19.23
9.91 19.23
9.91 19.14
9.82 19.23
9.82 19.23
9.73 19.14
9.73 19.23
9.64 19.23
9.55 19.23
9.55 19.23
9.46 19.23
9.37 19.23
9.28 19.32
9.19 19.14
9.19 19.06
9.19 19.23
9.19 19.23
9.10 19.32
9.10 19.14
9.01 19.23
8.92 19.23
8.83 19.23
8.83 19.23
8.74 19.06
8.74 19.14
8.74 19.23
8.74 19.23
8.83 19.23
8.65 19.23
8.46 19.14
8.46 19.14
8.46 19.14
8.37 19.06
8.37 19.06
8.28 19.06
8.28 19.06
8.19 18.80
8.19 18.71
8.10 18.71
8.01 18.63
8.01 18.63
8.01 18.54
7.92 18.63
7.82 18.63
7.82 18.54
7.73 18.54
7.73 18.54
7.64 18.54
7.64 18.54
7.55 18.54
7.46 18.54
7.46 18.54
7.36 18.54
7.36 18.63
7.27 18.63
7.18 18.71
7.18 18.80
7.09 18.71
7.09 18.71
6.99 18.80
6.99 18.71
6.99 18.80
6.90 18.80
6.81 18.80
6.72 18.80
6.62 18.88
6.62 18.80
6.62 18.80
6.62 18.80
6.53 18.80
6.53 18.80
6.44 18.80
6.34 18.71
6.34 18.71
6.34 18.63
6.25 18.63
6.25 18.63
6.16 18.54
6.16 18.63
6.16 18.54
6.06 18.54
5.97 18.54
5.78 18.54
5.78 18.54
5.78 18.54
5.78 18.54
5.78 18.63
5.69 18.54
5.69 18.63
5.59 18.54
5.78 18.45
5.50 18.45
5.50 18.45
5.40 18.54
5.40 18.54
5.31 18.54
5.31 18.54
5.31 18.45
5.12 18.54
5.12 18.54
5.02 18.54
5.21 18.54
5.02 18.54
5.02 18.54
5.02 18.54
4.93 18.54
4.83 18.54
4.83 18.54
4.83 18.54
4.74 18.54
4.74 18.54
4.64 18.54
4.54 18.54
4.54 18.54
4.54 18.54
4.45 18.54
4.35 18.54
4.35 18.45
4.26 18.54
4.26 18.54
4.26 18.54
4.16 18.45
4.16 18.54
4.06 18.54
4.06 18.54
4.06 18.54
3.97 18.54
3.87 18.63
3.87 18.63
3.87 18.63
3.77 18.71
3.77 20.87
3.77 22.42
3.67 23.29
3.67 24.17
3.67 24.87
3.58 25.48
3.58 25.84
3.67 26.02
3.67 26.10