21.04 18.88
21.04 18.80
21.04 18.63
21.04 18.63
21.04 18.54
21.04 18.45
21.04 18.45
21.04 18.45
21.04 18.37
21.04 18.37
21.04 18.28
21.04 18.28
20.95 18.28
20.95 18.28
20.95 18.28
20.95 18.28
20.95 18.28
20.95 18.20
20.95 18.28
20.95 18.28
20.95 18.28
20.95 18.20
20.95 18.28
20.95 18.20
20.95 18.20
20.95 18.20
20.95 18.28
20.95 18.20
20.95 18.28
20.87 18.37
20.78 18.54
20.78 18.37
20.78 18.54
20.69 18.54
20.61 18.63
20.61 18.54
20.52 18.71
20.52 18.71
20.43 18.71
20.35 18.71
20.26 18.80
20.18 18.71
20.18 18.71
20.09 18.71
20.00 18.71
20.00 18.71
19.92 18.71
19.92 18.80
19.83 18.80
19.83 18.71
19.75 18.80
19.66 18.71
19.57 18.71
19.57 18.71
19.49 18.71
19.49 18.80
19.32 18.71
19.32 18.80
19.32 18.80
19.23 18.80
19.14 18.80
19.06 18.88
19.06 18.88
19.06 18.88
18.97 18.88
18.88 18.88
18.88 18.88
18.80 18.88
18.71 18.88
18.63 18.88
18.63 18.88
18.54 18.88
18.54 18.88
18.45 18.88
18.37 18.88
18.37 18.88
18.28 18.88
18.28 18.80
18.20 18.63
18.11 18.63
18.11 18.54
18.02 18.54
18.02 18.45
17.94 18.45
17.85 18.45
17.85 18.45
17.77 18.37
17.68 18.45
17.68 18.45
17.59 18.45
17.51 18.54
17.51 18.54
17.51 18.54
17.42 18.54
17.34 18.54
17.25 18.54
17.25 18.54
17.16 18.63
17.08 18.63
17.08 18.63
16.99 18.54
16.90 18.54
16.90 18.63
16.82 18.63
16.82 18.63
16.73 18.63
16.73 18.63
16.65 18.63
16.65 18.63
16.56 18.63
16.47 18.63
16.47 18.63
16.39 18.63
16.30 18.63
16.30 18.63
16.22 18.63
16.22 18.63
16.13 18.63
16.13 18.54
16.04 18.54
15.96 18.54
15.96 18.54
15.96 18.63
15.87 18.63
15.78 18.63
15.78 18.63
15.70 18.54
15.70 18.63
15.61 18.54
15.52 18.54
15.52 18.54
15.52 18.54
15.52 18.54
15.35 18.63
15.35 18.54
15.26 18.54
15.26 18.63
15.18 18.63
15.18 18.63
15.09 18.54
15.09 18.54
15.01 18.54
14.92 18.54
14.92 18.63
14.92 18.63
14.83 18.63
14.75 18.63
14.75 18.54
14.66 18.54
14.66 18.63
14.66 18.54
14.57 18.54
14.48 18.63
14.40 18.54
14.40 18.54
14.40 18.54
14.31 18.45
14.31 18.54
14.14 18.63
14.22 18.54
14.14 18.45
14.14 18.54
14.05 18.45
14.05 18.45
13.96 18.45
13.88 18.54
13.88 18.45
13.79 18.45
13.79 18.45
13.70 18.45
13.70 18.45
13.62 18.45
13.62 18.45
13.53 18.45
13.44 18.45
13.44 18.45
13.44 18.45
13.35 18.45
13.35 18.45
13.27 18.45
13.27 18.45
13.18 18.45
13.18 18.45
13.09 18.45
13.00 18.45
13.00 18.45
12.92 18.45
12.92 18.45
12.92 18.45
12.83 18.45
12.83 18.37
12.74 18.45
12.65 18.45
12.65 18.37
12.65 18.37
12.57 18.37
12.48 18.45
12.48 18.37
12.48 18.37
12.39 18.37
12.39 18.45
12.30 18.37
12.30 18.45
12.21 18.37
12.21 18.37
12.21 18.37
12.13 18.37
12.04 18.37
12.04 18.37
11.95 18.37
11.95 18.45
11.95 18.45
11.86 18.37
11.86 18.45
11.77 18.45
11.77 18.45
11.69 18.37
11.69 18.37
11.60 18.45
11.51 18.45
11.51 18.37
11.51 18.45
11.42 18.45
11.42 18.37
11.42 18.37
11.24 18.45
11.33 18.37
11.16 18.45
11.24 18.37
11.16 18.45
11.16 18.37
11.07 18.45
11.07 18.37
10.98 18.45
10.89 18.45
10.89 18.37
10.89 18.37
10.80 18.37
10.80 18.37
10.80 18.45
10.71 18.45
10.71 18.37
10.62 18.45
10.62 18.45
10.53 18.37
10.53 18.45
10.53 18.37
10.44 18.37
10.44 18.37
10.44 18.37
10.36 18.45
10.36 18.37
10.27 18.37
10.18 18.37
10.18 18.37
10.18 18.37
10.18 18.37
10.09 18.45
10.09 18.37
10.00 18.37
9.91 18.37
9.91 18.37
9.91 18.37
9.82 18.37
9.82 18.37
9.82 18.37
9.73 18.37
9.73 18.37
9.64 18.37
9.64 18.37
9.64 18.45
9.55 18.45
9.55 18.45
9.55 18.54
9.46 18.54
9.46 18.54
9.37 18.54
9.37 18.54
9.28 18.54
9.28 18.63
9.28 18.63
9.19 18.63
9.19 18.63
9.10 18.63
9.10 18.63
9.10 18.63
9.01 18.71
9.01 18.71
9.01 18.71
8.92 18.71
8.92 18.71
8.92 18.71
8.83 18.71
8.83 18.80
8.83 18.71
8.74 18.80
8.74 18.80
8.74 18.80
8.65 18.80
8.55 18.80
8.55 18.88
8.55 18.88
8.55 18.88
8.46 18.88
8.46 18.88
8.37 18.88
8.46 18.97
8.37 18.88
8.37 18.88
8.28 18.88
8.28 18.88
8.28 18.88
8.19 18.97
8.19 18.97
8.19 18.97
8.10 18.88
8.10 18.88
8.10 18.88
8.01 18.80
8.01 18.80
8.01 18.80
8.01 18.80
7.92 18.80
7.92 18.80
7.92 18.80
7.82 18.80
7.82 18.71
7.73 18.71
7.73 18.71
7.73 18.71
7.73 18.71
7.64 18.80
7.64 18.71
7.55 18.71
7.55 18.63
7.55 18.63
7.46 18.63
7.46 18.63
7.46 18.63
7.46 18.54
7.36 18.54
7.36 18.54
7.27 18.54
7.36 18.54
7.27 18.54
7.18 18.45
7.18 18.45
7.18 18.54
7.18 18.45
7.09 18.54
7.09 18.54
6.99 18.45
6.99 18.54
6.99 18.45
6.90 18.45
6.90 18.45
6.90 18.45
6.90 18.45
6.90 18.54
6.81 18.54
6.81 18.54
6.72 18.54
6.72 18.45
6.72 18.54
6.72 18.45
6.62 18.54
6.62 18.45
6.53 18.45
6.53 18.54
6.53 18.63
6.53 19.06
6.44 19.49
6.44 19.92
6.44 19.75
6.34 20.09
6.34 20.87
6.34 21.56
6.34 22.34
6.25 23.03
6.25 23.90
6.25 24.52
6.25 25.04
6.16 25.48
6.25 25.66