22.68 23.12
22.68 23.12
22.68 23.03
22.68 23.12
22.68 23.03
22.68 23.03
22.68 23.03
22.68 23.03
22.68 23.03
22.68 23.03
22.68 23.12
22.68 23.03
22.68 23.03
22.68 23.12
22.68 23.03
22.68 23.03
22.68 23.03
22.68 23.03
22.68 23.03
22.60 23.03
22.68 23.12
22.60 23.03
22.60 23.12
22.51 23.12
22.51 23.12
22.42 23.12
22.34 23.12
22.25 23.12
22.25 23.12
22.16 23.12
22.08 23.12
21.99 23.12
21.99 23.21
21.90 23.21
21.82 23.21
21.73 23.29
21.64 23.29
21.56 23.29
21.56 23.29
21.47 23.29
21.38 23.38
21.30 23.38
21.21 23.38
21.21 23.47
21.13 23.47
21.04 23.47
21.21 23.47
20.95 23.55
20.87 23.55
20.87 23.55
20.78 23.55
20.78 23.64
20.69 23.64
20.61 23.73
20.61 23.73
20.52 23.82
20.43 23.82
20.43 23.82
20.35 23.90
20.26 23.90
20.09 23.99
20.18 23.99
20.09 23.99
20.09 23.99
20.00 24.08
20.00 24.08
19.92 24.17
19.83 24.08
19.83 24.17
19.66 24.17
19.66 24.25
19.66 24.25
19.57 24.25
19.49 24.34
19.49 24.34
19.40 24.34
19.40 24.34
19.32 24.43
19.32 24.43
19.23 24.43
19.14 24.52
19.06 24.52
19.06 24.52
19.06 24.60
18.97 24.60
18.97 24.69
18.88 24.60
18.88 24.69
18.80 24.69
18.71 24.69
18.71 24.78
18.63 24.78
18.63 24.96
18.54 24.87
18.45 24.87
18.45 24.96
18.37 24.96
18.37 25.04
18.28 25.04
18.28 25.04
18.20 25.04
18.20 25.13
18.20 25.13
18.11 25.13
18.02 25.22
18.02 25.22
17.94 25.22
17.94 25.31
17.85 25.31
17.85 25.31
17.77 25.40
17.77 25.40
17.68 25.40
17.59 25.48
17.59 25.48
17.59 25.57
17.51 25.48
17.42 25.57
17.42 25.66
17.34 25.66
17.34 25.66
17.25 25.66
17.25 25.75
17.16 25.75
17.16 25.75
17.16 25.84
16.99 25.84
17.08 25.84
16.99 25.93
16.90 25.93
16.90 25.93
16.82 25.93
16.82 26.02
16.82 26.02
16.73 26.10
16.73 26.10
16.65 26.10
16.65 26.19
16.56 26.19
16.56 26.19
16.56 26.28
16.47 26.28
16.39 26.37
16.39 26.37
16.30 26.37
16.30 26.37
16.39 26.46
16.22 26.46
16.22 26.46
16.13 26.46
16.13 26.55
16.04 26.55
16.04 26.55
15.96 26.64
15.96 26.64
15.96 26.64
15.87 26.73
15.78 26.73
15.78 26.82
15.78 26.82
15.70 26.82
15.70 26.82
15.61 26.91
15.61 26.91
15.52 26.91
15.52 26.99
15.52 26.99
15.52 26.99
15.44 27.08
15.35 27.08
15.35 27.08
15.26 27.17
15.26 27.17
15.26 27.08
15.26 27.26
15.18 27.26
15.18 27.26
15.09 27.35
15.09 27.35
15.01 27.35
15.01 27.35
14.92 27.44
14.92 27.44
14.92 27.53
14.92 27.53
14.83 27.53
14.83 27.62
14.75 27.62
14.75 27.62
14.75 27.71
14.66 27.80
14.66 27.71
14.57 27.71
14.57 27.80
14.57 27.80
14.48 27.89
14.57 27.89
14.40 27.89
14.40 27.89
14.31 27.98
14.31 27.98
14.31 28.07
14.31 28.07
14.22 28.07
14.22 28.07
14.14 28.16
14.14 28.16
14.05 28.16
14.05 28.25
14.05 28.25
14.05 28.34
14.05 28.34
13.96 28.34
13.96 28.34
13.88 28.43
13.88 28.43
13.79 28.43
13.79 28.52
13.79 28.52
13.70 28.52
13.70 28.52
13.70 28.61
13.62 28.61
13.62 28.61
13.62 28.61
13.53 28.71
13.53 28.71
13.53 28.80
13.44 28.80
13.44 28.80
13.44 28.89
13.44 28.89
13.35 28.89
13.27 28.98
13.27 28.98
13.27 28.98
13.18 29.07
13.18 29.07
13.18 29.07
13.09 29.07
13.09 29.25
13.09 29.16
13.00 29.16
13.09 29.25
13.00 29.25
13.00 29.34
13.00 29.34
12.92 29.34
12.83 29.34
12.83 29.34
12.83 29.43
12.83 29.43
12.83 29.43
12.83 29.53
12.65 29.53
12.74 29.53
12.65 29.62
12.65 29.62
12.65 29.62
12.57 29.71
12.57 29.71
12.57 29.71
12.48 29.80
12.48 29.80
12.48 29.80
12.48 29.89
12.39 29.89
12.39 29.89
12.39 29.99
12.39 29.99
12.30 29.99
12.30 30.08
12.30 30.08
12.30 30.08
12.21 30.17
12.21 30.17
12.13 30.17
12.13 30.17
12.04 30.26
12.13 30.26
12.04 30.35
12.04 30.45
12.04 30.35
11.95 30.35
12.04 30.35
11.95 30.45
11.95 30.45
11.86 30.45
11.86 30.45
11.86 30.45
11.77 30.54
11.77 30.54
11.86 30.54
11.77 30.54
11.69 30.63
11.69 30.63
11.69 30.72
11.69 30.72
11.60 30.82
11.60 30.72
11.60 30.82
11.51 30.82
11.51 30.91
11.51 30.91
11.51 30.91
11.51 30.91
11.51 31.00
11.42 31.00
11.42 31.00
11.42 31.00
11.42 31.10
11.33 31.10
11.33 31.10
11.33 31.19
11.33 31.19
11.24 31.19
11.24 31.28
11.24 31.28
11.24 31.28
11.16 31.38
11.24 31.38
11.16 31.47
11.16 31.47
11.07 31.47
11.16 31.47
11.07 31.56
11.07 31.66
11.07 31.56
10.98 31.66
10.98 31.66
10.98 31.66
10.98 31.66
10.89 31.75
10.89 31.75
10.89 31.75
10.89 31.75
10.89 31.85
10.89 31.85
10.89 31.85
10.80 31.94
10.80 31.94
10.80 31.94
10.80 31.94
10.71 32.03
10.71 32.03
10.71 32.13
10.71 32.13
10.71 32.13
10.62 32.13
10.62 32.22
10.62 32.22
10.62 32.22
10.62 32.22
10.53 32.22
10.53 32.32
10.53 32.32
10.44 32.32
10.44 32.41
10.44 32.41
10.44 32.41
10.44 32.51
10.44 32.51
10.36 32.51
10.36 32.51
10.44 32.60
10.36 32.51
10.27 32.70
10.36 32.60
10.36 32.60
10.27 32.70
10.27 32.70
10.27 32.70
10.18 32.79
10.18 32.79
10.18 32.79
10.18 32.79
10.18 32.89
10.18 32.89
10.09 32.89
10.09 32.98
10.09 32.98
10.09 33.08
10.00 32.98
10.00 33.08
10.00 33.08
10.00 33.18
10.00 33.18
10.00 33.18
10.00 33.18
10.00 33.18
10.00 33.18
10.09 33.18
10.00 33.18
10.00 33.18
10.09 33.27
10.09 33.27