21.38 21.47
21.38 21.47
21.38 21.56
21.38 21.47
21.30 21.56
21.38 21.47
21.30 21.47
21.38 21.47
21.38 21.47
21.38 21.56
21.30 21.47
21.47 21.47
21.30 21.47
21.38 21.47
21.38 21.47
21.38 21.47
21.30 21.47
21.30 21.47
21.30 21.47
21.30 21.47
21.30 21.47
21.38 21.47
21.38 21.47
21.38 21.47
21.30 21.56
21.30 21.47
21.38 21.47
21.38 21.47
21.38 21.47
21.30 21.47
21.30 21.47
21.30 21.56
21.30 21.56
21.30 21.47
21.30 21.56
21.30 21.56
21.30 21.56
21.30 21.47
21.13 21.56
21.04 21.56
20.95 21.56
20.87 21.56
20.78 21.64
20.69 21.56
20.52 21.64
20.43 21.56
20.43 21.64
20.26 21.64
20.26 21.64
20.18 21.64
20.18 21.64
20.09 21.73
20.00 21.73
20.00 21.73
20.00 21.73
19.92 21.73
19.83 21.82
19.83 21.82
19.75 21.82
19.75 21.82
19.66 21.82
19.57 21.82
19.49 21.90
19.49 21.90
19.40 21.90
19.40 21.90
19.32 21.90
19.32 21.90
19.23 21.90
19.23 21.90
19.14 21.90
19.14 21.99
19.23 21.99
19.06 21.99
18.97 21.99
18.97 21.99
18.88 21.99
18.88 22.08
18.80 22.08
18.80 22.08
18.71 22.08
18.63 22.08
18.63 22.08
18.63 22.08
18.54 22.16
18.54 22.08
18.45 22.16
18.45 22.16
18.37 22.16
18.28 22.16
18.37 22.16
18.28 22.25
18.20 22.25
18.11 22.25
18.11 22.25
18.02 22.25
18.11 22.25
18.02 22.25
18.02 22.34
17.94 22.34
17.85 22.25
17.85 22.34
17.85 22.34
17.94 22.34
17.68 22.34
17.59 22.34
17.68 22.42
17.59 22.42
17.59 22.42
17.51 22.42
17.51 22.42
17.51 22.42
17.42 22.51
17.42 22.42
17.34 22.51
17.25 22.51
17.25 22.51
17.25 22.51
17.25 22.51
17.16 22.51
17.08 22.51
17.08 22.60
17.08 22.60
16.99 22.60
16.90 22.60
16.90 22.60
16.73 22.60
16.82 22.68
16.82 22.68
16.73 22.68
16.73 22.68
16.65 22.68
16.65 22.77
16.65 22.68
16.56 22.68
16.47 22.77
16.47 22.77
16.47 22.77
16.39 22.77
16.39 22.77
16.30 22.77
16.30 22.94
16.22 22.86
16.22 22.86
16.13 22.86
16.22 22.86
16.13 22.86
16.04 22.86
16.04 22.86
15.96 22.86
15.96 22.94
15.87 22.94
15.87 22.94
15.87 22.94
15.78 22.94
15.78 23.03
15.70 22.94
15.70 23.03
15.70 23.03
15.61 23.03
15.61 23.03
15.61 23.03
15.52 23.03
15.52 23.12
15.44 23.12
15.44 23.12
15.44 23.21
15.26 23.12
15.35 23.12
15.26 23.12
15.26 23.21
15.18 23.21
15.18 23.21
15.18 23.21
15.09 23.21
15.09 23.21
15.09 23.21
15.09 23.29
15.01 23.21
14.92 23.29
14.92 23.29
14.92 23.29
14.83 23.29
14.83 23.29
14.75 23.38
14.75 23.38
14.75 23.38
14.66 23.38
14.66 23.38
14.66 23.38
14.57 23.47
14.57 23.38
14.48 23.47
14.57 23.47
14.48 23.47
14.57 23.47
14.40 23.47
14.40 23.47
14.40 23.55
14.31 23.55
14.22 23.55
14.22 23.55
14.31 23.55
14.14 23.55
14.14 23.55
14.14 23.64
14.14 23.64
14.05 23.64
13.96 23.64
13.96 23.64
13.96 23.64
13.88 23.73
13.88 23.64
13.79 23.73
13.88 23.64
13.79 23.64
13.70 23.73
13.70 23.73
13.70 23.73
13.62 23.73
13.62 23.82
13.53 23.82
13.53 23.82
13.53 23.82
13.53 23.82
13.44 23.82
13.44 23.82
13.44 23.90
13.35 23.90
13.35 23.82
13.35 23.90
13.27 23.90
13.27 23.90
13.27 23.90
13.18 23.90
13.18 23.90
13.18 23.99
13.18 23.99
13.09 23.99
13.00 23.99
13.00 23.99
13.00 23.99
13.00 23.99
12.92 23.99
12.92 24.08
12.83 24.08
13.00 24.08
12.83 24.08
12.83 24.08
12.74 24.08
12.74 24.17
12.74 24.17
12.65 24.17
12.65 24.17
12.57 24.17
12.57 24.17
12.57 24.17
12.57 24.25
12.57 24.25
12.57 24.17
12.39 24.17
12.48 24.25
12.39 24.25
12.39 24.25
12.39 24.25
12.30 24.34
12.30 24.25
12.21 24.34
12.21 24.25
12.21 24.25
12.13 24.34
12.13 24.34
12.13 24.34
12.13 24.34
12.13 24.34
12.04 24.34
12.04 24.34
11.95 24.43
12.13 24.43
11.95 24.43
11.86 24.43
11.86 24.52
11.86 24.43
11.77 24.43
11.86 24.52
11.77 24.52
11.69 24.43
11.69 24.52
11.69 24.52
11.69 24.52
11.60 24.52
11.77 24.60
11.60 24.52
11.60 24.60
11.51 24.60
11.51 24.60
11.51 24.60
11.42 24.60
11.42 24.60
11.42 24.60
11.42 24.69
11.33 24.69
11.33 24.69
11.33 24.52
11.24 24.69
11.24 24.69
11.24 24.78
11.24 24.69
11.16 24.69
11.16 24.78
11.16 24.78
11.16 24.78
11.07 24.78
11.07 24.78
11.07 24.78
10.98 24.78
10.98 24.87
10.98 24.87
10.98 24.87
10.98 24.78
10.89 24.87
10.89 24.87
10.89 24.87
10.89 24.96
10.80 24.96
10.80 24.87
10.80 24.96
10.71 24.96
10.71 24.96
10.71 24.96
10.71 24.96
10.62 24.96
10.62 24.96
10.62 25.04
10.53 24.96
10.53 25.04
10.53 25.04
10.44 25.04
10.44 25.04
10.44 25.04
10.44 25.04
10.44 25.04
10.36 25.13
10.36 25.04
10.36 25.04
10.36 25.13
10.27 25.13
10.27 25.13
10.27 25.13
10.27 25.13
10.27 25.13
10.18 25.13
10.18 25.13
10.18 25.13
10.09 25.22
10.09 25.22
10.09 25.22
10.09 25.22
10.00 25.22
10.09 25.22
10.00 25.13
10.00 25.31
10.00 25.31
9.91 25.31
9.91 25.31
9.82 25.31
9.82 25.31
9.82 25.31
9.82 25.31
9.82 25.31
9.82 25.31
9.73 25.31
9.73 25.31
9.73 25.31
9.73 25.40
9.73 25.40
9.73 25.40
9.73 25.40
9.64 25.40
9.64 25.40
9.55 25.40
9.55 25.40
9.64 25.48
9.55 25.48
9.55 25.48
9.46 25.48
9.46 25.48
9.46 25.48
9.46 25.48
9.37 25.66
9.37 25.48
9.37 25.48
9.37 25.57
9.37 25.48
9.37 25.57
9.37 25.57
9.28 25.57
9.28 25.57
9.28 25.57
9.19 25.57
9.19 25.57
9.28 25.57
9.28 25.57
9.28 25.66
9.28 25.57